Contour,Normalized Curvature
UID_16_11_1_all-13,35.0234
UID_16_12_1_all-6,21.4825
UID_16_12_2_all-15,21.3789
UID_16_12_3_all-19,29.4675
UID_16_12_4_all-10,58.1296
UID_16_13_1_all-3,1297.68
UID_16_13_2_all-20,31.9592
UID_16_15_1_all-11,83.546
UID_16_16_1_all-2,20.7558
UID_16_17_1_all-2,30.1049
UID_16_17_2_all,41.4089
UID_16_18_1_all-5,92.421
UID_16_19_1_all-6,35.3482
UID_16_1_1_all-19,42.6432
UID_16_1_2_all-20,30.5187
UID_16_1_3_all-11,26.7308
UID_16_20_1_all-10,29.3582
UID_16_21_1_all-12,33.2781
UID_16_22_1_all-16,30.5207
UID_16_23_1_all-21,65.7103
UID_16_23_2_all-28,25.5579
UID_16_24_1_all-15,43.1025
UID_16_26_1_all-10,47.7572
UID_16_27_1_all-18,47.3708
UID_16_27_2_all-12,33.7137
UID_16_28_1_all-13,32.0429
UID_16_28_2_all-7,56.0163
UID_16_29_1_all-14,83.0835
UID_16_2_1_all-19,33.3728
UID_16_2_2_all-7,29.8185
UID_16_30_1_all-15,44.8469
UID_16_30_2_all-8,197.897
UID_16_34_1_all-13,99.8021
UID_16_34_2_all-8,104.843
UID_16_34_3_all-2,153.361
UID_16_34_4_all-5,106.223
UID_16_36_1_all-15,237.293
UID_16_37_1_all-23,30.6739
UID_16_38_1_all-18,22.1416
UID_16_39_1_all-8,36.4962
UID_16_3_1_all-9,24.901
UID_16_3_2_all-12,28.0991
UID_16_3_3_all-20,30.1586
UID_16_3_4_all-13,32.5629
UID_16_40_1_all-2,27.642
UID_16_4_1_all-5,26.7895
UID_16_5_1_all-2,42.3027
UID_16_6_1_all-10,321.741
UID_16_6_2_all-13,46.1196
UID_16_6_3_all-17,28.9418
UID_16_6_4_all-12,30.9821
UID_16_8_1_all-5,30.12
UID_16_8_2_all-9,126.535
UID_23_10_1_all-3,26.1662
UID_23_10_2_all-20,24.566
UID_23_11_1_all-15,191.888
UID_23_13_1_all-4,23.7928
UID_23_13_2_all-14,39.452
UID_23_14_1_all-12,23.3867
UID_23_15_1_all-19,23.9725
UID_23_15_2_all-14,29.2482
UID_23_15_3_all-21,45.3817
UID_23_16_1_all-3,26.3537
UID_23_16_2_all-15,24.0556
UID_23_16_3_all-16,34.2469
UID_23_16_4_all-24,26.4563
UID_23_17_1_all-2,24.8104
UID_23_17_2_all-2,45.5013
UID_23_17_3_all-2,65.7222
UID_23_17_4_all,58.2084
UID_23_17_5_all-2,23.1831
UID_23_18_1_all-6,24.8495
UID_23_18_2_all-15,23.334
UID_23_18_3_all-16,27.5675
UID_23_19_1_all-6,28.8992
UID_23_19_2_all-3,43.553
UID_23_19_3_all-12,25.638
UID_23_1_1_all-9,25.409
UID_23_20_1_all-18,24.4969
UID_23_20_2_all-16,31.7924
UID_23_20_3_all-11,80.0716
UID_23_21_1_all-7,89.8587
UID_23_21_2_all-18,308.994
UID_23_23_1_all-2,67.1511
UID_23_23_2_all,50.9155
UID_23_23_3_all-6,19.8815
UID_23_24_1_all-26,23.5442
UID_23_24_2_all-8,24.7423
UID_23_25_1_all-2,25.129
UID_23_25_2_all-2,21.2542
UID_23_25_3_all-2,26.4012
UID_23_27_1_all-8,32.3149
UID_23_28_1_all-4,30.6138
UID_23_28_2_all-11,22.4306
UID_23_28_3_all-7,51.2252
UID_23_29_1_all-15,23.8569
UID_23_29_2_all-8,31.1396
UID_23_29_3_all-9,27.1771
UID_23_29_4_all-16,25.9346
UID_23_2_1_all-3,63.6577
UID_23_2_2_all-2,26.2804
UID_23_30_1_all-11,21.9021
UID_23_30_2_all-3,24.9074
UID_23_30_3_all-15,27.0377
UID_23_30_4_all-8,22.4068
UID_23_31_1_all-11,122.487
UID_23_31_2_all-7,27.391
UID_23_31_3_all-13,49.9404
UID_23_31_4_all-6,30.356
UID_23_31_5_all-15,25.0994
UID_23_32_1_all,78.618
UID_23_32_2_all-15,32.5943
UID_23_32_3_all-15,32.1782
UID_23_33_1_all-14,28.9449
UID_23_33_2_all-6,30.5368
UID_23_34_1_all-11,25.6565
UID_23_34_2_all-14,31.3817
UID_23_34_3_all-14,30.1379
UID_23_34_4_all-11,27.3672
UID_23_34_5_all-9,23.6736
UID_23_35_1_all-9,21.9457
UID_23_35_2_all-14,19.4012
UID_23_35_3_all-14,26.6374
UID_23_35_4_all-8,32.4997
UID_23_35_5_all-18,315.523
UID_23_36_1_all-3,33.2042
UID_23_36_2_all-6,21.4298
UID_23_36_3_all-6,39.81
UID_23_37_1_all-5,30.0109
UID_23_37_2_all-4,27.4784
UID_23_37_3_all-11,46.6853
UID_23_38_1_all-15,24.9193
UID_23_38_2_all-12,48.5684
UID_23_38_3_all-18,52.6137
UID_23_38_4_all-16,29.6952
UID_23_3_1_all-10,117.474
UID_23_4_1_all-4,355.587
UID_23_4_2_all-20,22.0847
UID_23_4_3_all-13,104.977
UID_23_4_4_all-19,214.54
UID_23_5_1_all-6,137.495
UID_23_5_2_all-12,21.7032
UID_23_5_3_all-2,28.9287
UID_23_6_1_all-23,28.6734
UID_23_7_1_all-8,41.7015
UID_23_7_2_all,58.7799
UID_23_7_3_all-9,81.417
UID_23_8_1_all-12,32.1337
UID_23_8_2_all-5,929.904
UID_23_9_1_all-12,598.393
UID_2_10_1_all-5,27.9841
UID_2_10_2_all-13,39.8547
UID_2_11_1_all-5,63.2317
UID_2_11_2_all-9,29.9836
UID_2_12_1_all-8,32.8583
UID_2_12_2_all-12,41.111
UID_2_12_3_all-2,29.2476
UID_2_13_1_all-3,129.198
UID_2_13_2_all-3,73.4922
UID_2_13_3_all-7,67.3297
UID_2_13_4_all-3,27.3208
UID_2_13_5_all-2,53.4163
UID_2_13_6_all,9.73777
UID_2_13_7_all-6,35.2503
UID_2_13_8_all-12,40.5786
UID_2_14_1_all-16,49.2499
UID_2_14_2_all-17,45.7232
UID_2_14_3_all-17,40.4083
UID_2_15_1_all-19,29.1869
UID_2_16_1_all-4,88.3737
UID_2_16_2_all-5,29.3783
UID_2_16_3_all-11,44.3667
UID_2_17_1_all-17,61.566
UID_2_17_2_all-10,165.194
UID_2_19_1_all-3,24.3503
UID_2_1_1_all-15,33.8295
UID_2_1_2_all-13,49.9615
UID_2_20_1_all-13,48.8892
UID_2_20_2_all-20,57.8528
UID_2_21_1_all-8,26.7085
UID_2_21_2_all-7,36.1716
UID_2_21_3_all-11,42.5038
UID_2_21_4_all-16,34.6612
UID_2_25_1_all-6,150.034
UID_2_25_2_all-18,50.6484
UID_2_27_1_all-7,97.0837
UID_2_27_2_all-3,27.0164
UID_2_28_1_all-5,30.9903
UID_2_28_2_all-3,25.3482
UID_2_28_3_all-3,38.1795
UID_2_28_4_all-9,27.8357
UID_2_29_1_all-9,38.8221
UID_2_29_2_all-9,39.9747
UID_2_29_3_all-7,37.1491
UID_2_2_1_all-11,27.7185
UID_2_30_1_all-12,45.8589
UID_2_30_2_all-4,35.3657
UID_2_31_1_all-9,30.2579
UID_2_31_2_all-11,43.3992
UID_2_31_3_all-4,43.2003
UID_2_31_4_all-7,31.3872
UID_2_31_5_all-4,38.8475
UID_2_31_6_all-26,43.0042
UID_2_31_7_all-2,37.3132
UID_2_32_1_all-8,54.2504
UID_2_32_2_all-11,33.674
UID_2_32_3_all-9,28.8301
UID_2_32_4_all-7,495.445
UID_2_33_1_all-21,41.2357
UID_2_33_2_all-21,43.137
UID_2_33_3_all-4,2347.53
UID_2_33_4_all-3,134.107
UID_2_33_5_all-2,15.5289
UID_2_36_1_all-22,33.9989
UID_2_3_1_all-11,25.1674
UID_2_3_2_all-15,26.3462
UID_2_3_3_all-12,35.4086
UID_2_3_4_all-8,28.1232
UID_2_5_1_all-13,48.9295
UID_2_5_2_all-8,30.9359
UID_2_5_3_all-10,44.9487
UID_2_5_4_all-7,22.5271
UID_2_5_5_all-11,38.3901
UID_2_6_1_all-9,34.5232
UID_2_6_2_all-12,27.2054
UID_2_6_3_all-21,27.268
UID_2_6_4_all-2,45.6329
UID_2_8_1_all-6,43.717
UID_2_8_2_all-11,47.0143
UID_2_8_3_all-5,38.3856
UID_2_9_1_all-4,22.5733
UID_2_9_2_all-2,24.26
UID_2_9_3_all-4,28.1248
UID_2_9_4_all-6,27.9506
UID_30_10_1_all-4,120.228
UID_30_10_2_all-5,75.0614
UID_30_10_3_all-9,196.603
UID_30_10_4_all-19,34.6255
UID_30_10_5_all-22,29.0128
UID_30_10_6_all-10,29.8583
UID_30_10_7_all-13,181.742
UID_30_10_8_all-18,38.2883
UID_30_11_1_all-14,32.3457
UID_30_11_2_all-8,37.7873
UID_30_11_3_all-7,191.872
UID_30_11_4_all-5,48.9087
UID_30_11_5_all-13,27.6479
UID_30_11_6_all-21,30.6018
UID_30_11_7_all-7,22.2465
UID_30_11_8_all-19,48.309
UID_30_12_1_all-17,36.6138
UID_30_12_2_all-17,31.8061
UID_30_12_3_all-2,28.6849
UID_30_12_4_all-21,34.4465
UID_30_12_5_all-13,49.8119
UID_30_12_6_all-20,32.3036
UID_30_12_7_all-20,36.9274
UID_30_12_8_all-16,27.4286
UID_30_13_1_all-13,44.3655
UID_30_13_2_all-13,26.0822
UID_30_13_3_all-4,30.0923
UID_30_13_4_all-3,32.56
UID_30_13_5_all-17,50.1083
UID_30_14_10_all-19,27.4909
UID_30_14_11_all-15,33.0902
UID_30_14_1_all-18,37.1282
UID_30_14_2_all-28,42.1257
UID_30_14_3_all-12,28.7055
UID_30_14_4_all-22,34.9388
UID_30_14_5_all-5,38.1477
UID_30_14_6_all-22,37.1679
UID_30_14_7_all-22,36.6265
UID_30_14_8_all-10,32.0942
UID_30_14_9_all-9,28.0349
UID_30_15_1_all-10,34.2608
UID_30_15_2_all-11,62.9644
UID_30_15_3_all-27,32.4902
UID_30_15_4_all-10,42.5963
UID_30_15_5_all-5,32.1757
UID_30_15_6_all-15,24.5361
UID_30_16_1_all-20,37.8294
UID_30_16_2_all-6,32.8749
UID_30_16_3_all-14,32.6551
UID_30_16_4_all-20,41.8033
UID_30_17_1_all-18,27.6373
UID_30_17_2_all-21,28.7067
UID_30_17_3_all-22,42.5128
UID_30_17_4_all-13,43.8772
UID_30_17_5_all-11,36.7836
UID_30_17_6_all-3,138.662
UID_30_18_10_all-7,32.6887
UID_30_18_1_all-17,28.9082
UID_30_18_2_all-15,36.5382
UID_30_18_3_all-3,29.4954
UID_30_18_4_all-16,27.8278
UID_30_18_5_all-4,26.5274
UID_30_18_6_all-2,35.6379
UID_30_18_7_all-13,32.972
UID_30_18_8_all-6,26.3669
UID_30_18_9_all-2,27.4015
UID_30_19_1_all-15,31.5771
UID_30_19_2_all-20,30.1052
UID_30_19_3_all-3,28.3856
UID_30_19_4_all-16,28.5233
UID_30_19_5_all-5,26.6868
UID_30_1_1_all-11,27.1104
UID_30_1_2_all-6,28.6948
UID_30_1_3_all-13,31.6239
UID_30_1_4_all-20,35.8805
UID_30_1_5_all-15,18.1553
UID_30_1_6_all-8,34.8242
UID_30_1_7_all-4,29.7175
UID_30_20_1_all-7,28.4154
UID_30_20_2_all-6,32.7111
UID_30_20_3_all-7,43.773
UID_30_20_4_all-14,36.2107
UID_30_21_1_all-7,38.6679
UID_30_21_2_all-31,35.6698
UID_30_21_3_all-6,30.1993
UID_30_21_4_all-11,28.6342
UID_30_21_5_all-19,36.8629
UID_30_21_6_all-9,26.375
UID_30_22_1_all-6,37.7455
UID_30_22_2_all-6,26.6206
UID_30_22_3_all-12,26.7321
UID_30_22_4_all-21,32.4088
UID_30_22_5_all-13,51.7876
UID_30_23_1_all-9,51.2748
UID_30_23_2_all-3,27.173
UID_30_23_3_all-19,130.336
UID_30_23_4_all-6,34.1472
UID_30_23_5_all-5,27.4721
UID_30_23_6_all-2,39.325
UID_30_23_7_all-11,30.683
UID_30_23_8_all-9,220.8
UID_30_24_1_all-2,66.2724
UID_30_25_1_all-13,34.0354
UID_30_25_2_all-14,33.7183
UID_30_25_3_all-10,25.6302
UID_30_25_4_all-15,37.8781
UID_30_25_5_all-14,40.7381
UID_30_25_6_all-11,35.6123
UID_30_26_1_all-4,30.4405
UID_30_26_2_all-4,35.4832
UID_30_26_3_all-11,31.5273
UID_30_26_4_all-5,29.7591
UID_30_26_5_all-17,35.7772
UID_30_27_10_all-22,28.1612
UID_30_27_11_all-5,27.8919
UID_30_27_1_all-22,38.6689
UID_30_27_2_all-7,29.142
UID_30_27_3_all-3,21.7247
UID_30_27_4_all-8,38.063
UID_30_27_5_all-8,26.777
UID_30_27_6_all-8,34.9358
UID_30_27_7_all-11,29.6896
UID_30_27_8_all-21,41.7187
UID_30_27_9_all-8,30.1658
UID_30_28_1_all-16,22.7341
UID_30_28_2_all-22,77.1906
UID_30_28_3_all-3,30.5752
UID_30_28_4_all-8,34.363
UID_30_28_5_all-19,37.5432
UID_30_28_6_all-2,80.6399
UID_30_28_7_all-5,28.2321
UID_30_28_8_all-19,27.483
UID_30_28_9_all-7,27.6167
UID_30_2_1_all-9,32.3687
UID_30_2_2_all-5,34.3316
UID_30_2_3_all-25,40.4372
UID_30_2_4_all-9,117.885
UID_30_2_5_all-9,21.5713
UID_30_3_10_all-17,37.8503
UID_30_3_11_all-10,30.1354
UID_30_3_1_all-5,30.9949
UID_30_3_2_all-3,29.3986
UID_30_3_3_all-13,28.6906
UID_30_3_4_all-3,61.0026
UID_30_3_5_all-13,25.9766
UID_30_3_6_all-16,91.3454
UID_30_3_7_all-9,28.3733
UID_30_3_8_all-12,35.0066
UID_30_3_9_all-4,92.7549
UID_30_4_1_all-5,46.9639
UID_30_4_2_all-11,53.7675
UID_30_4_3_all-10,34.4839
UID_30_4_4_all-26,38.4744
UID_30_4_5_all-20,46.5077
UID_30_4_6_all-18,201.897
UID_30_4_7_all-15,24.3788
UID_30_4_8_all-8,173.419
UID_30_4_9_all-4,83.9298
UID_30_5_1_all-3,71.3978
UID_30_5_2_all-9,51.2164
UID_30_5_3_all-8,34.4182
UID_30_5_4_all-5,29.0037
UID_30_5_5_all-25,27.05
UID_30_5_6_all-6,23.2152
UID_30_5_7_all-16,42.8125
UID_30_6_10_all-2,167.669
UID_30_6_11_all-3,26.7141
UID_30_6_12_all-15,30.5494
UID_30_6_1_all-25,33.4668
UID_30_6_2_all-9,31.6467
UID_30_6_3_all-13,28.4738
UID_30_6_4_all-9,24.4063
UID_30_6_5_all-7,23.9663
UID_30_6_6_all-25,35.5721
UID_30_6_7_all-8,73.4565
UID_30_6_8_all-13,39.4389
UID_30_6_9_all-9,20.9566
UID_30_7_1_all-17,37.3286
UID_30_7_2_all-9,136.53
UID_30_7_3_all-6,281.078
UID_30_7_4_all-14,36.6869
UID_30_7_5_all-4,143.541
UID_30_7_6_all-19,39.9999
UID_30_7_7_all-2,39.3673
UID_30_7_8_all-5,42.6307
UID_30_8_1_all-4,164.416
UID_30_8_2_all-17,130.676
UID_30_8_3_all-12,26.1579
UID_30_8_4_all-12,277.887
UID_30_8_5_all-5,121.493
UID_30_8_6_all-23,125.679
UID_30_8_7_all-14,444.188
UID_30_8_8_all-8,295.36
UID_30_8_9_all-14,185.284
UID_30_9_1_all-16,34.4956
UID_30_9_2_all-15,39.7439
UID_30_9_3_all-9,41.731
UID_30_9_4_all-10,25.0863
UID_30_9_5_all-23,50.9345
UID_30_9_6_all-20,118.807
UID_30_9_7_all-11,77.1854
UID_32_10_10_all-13,29.6661
UID_32_10_1_all-18,34.2439
UID_32_10_2_all-16,32.2984
UID_32_10_3_all-4,29.3539
UID_32_10_4_all-15,32.7734
UID_32_10_5_all-3,75.114
UID_32_10_6_all-15,207.301
UID_32_10_7_all-18,243.337
UID_32_10_8_all-23,30.787
UID_32_10_9_all-24,27.8761
UID_32_11_1_all-19,56.7383
UID_32_11_2_all-26,277.423
UID_32_11_3_all-27,27.1989
UID_32_12_1_all-17,32.9716
UID_32_12_2_all-16,104.546
UID_32_12_3_all-6,114.822
UID_32_12_4_all-23,27.73
UID_32_13_1_all-22,32.2704
UID_32_13_2_all-28,54.3253
UID_32_13_3_all-26,32.1129
UID_32_13_4_all-13,165.823
UID_32_13_5_all-7,29.3758
UID_32_13_6_all-7,1377.8
UID_32_13_7_all-20,36.4234
UID_32_13_8_all-13,673.001
UID_32_13_9_all-20,34.1465
UID_32_14_1_all-15,38.4176
UID_32_14_2_all-17,39.9145
UID_32_15_1_all-29,46.6559
UID_32_15_2_all-16,46.2995
UID_32_15_3_all-18,58.2047
UID_32_16_1_all-20,301.229
UID_32_16_2_all-6,229.331
UID_32_17_1_all-21,40.5241
UID_32_17_2_all-9,77.1007
UID_32_18_1_all-16,40.2592
UID_32_18_2_all-19,20240.6
UID_32_18_3_all-26,35.3602
UID_32_18_4_all-27,48.5962
UID_32_18_5_all-23,31.3629
UID_32_19_1_all-16,33.2329
UID_32_19_2_all-15,214.612
UID_32_19_3_all-15,30.3275
UID_32_1_1_all-38,42.2106
UID_32_1_2_all-33,48.0402
UID_32_1_3_all-18,47.2288
UID_32_1_4_all-41,44.1237
UID_32_1_5_all-23,39.0659
UID_32_1_6_all-23,56.3247
UID_32_20_1_all-23,53.4349
UID_32_21_1_all-24,50.3071
UID_32_21_2_all-20,49.0838
UID_32_21_3_all-31,58.8809
UID_32_21_4_all-23,106.813
UID_32_21_5_all-13,45.3471
UID_32_21_6_all-31,249.477
UID_32_21_7_all-6,27.7259
UID_32_22_1_all-17,40.3128
UID_32_22_2_all-7,30.0293
UID_32_22_3_all-19,43.7318
UID_32_22_4_all-7,34.2175
UID_32_22_5_all-17,29.4892
UID_32_22_6_all-17,32.8294
UID_32_23_1_all-23,26.7607
UID_32_23_2_all-14,180.226
UID_32_23_3_all-12,332.313
UID_32_23_4_all-16,56.744
UID_32_23_5_all-18,43.8232
UID_32_23_6_all-22,33.4768
UID_32_24_1_all-11,34.8657
UID_32_24_2_all-20,222.986
UID_32_24_3_all-22,40.5413
UID_32_24_4_all-5,36.4776
UID_32_24_5_all-17,61.6155
UID_32_24_6_all-26,42.0108
UID_32_24_7_all-11,38.772
UID_32_25_1_all-11,24.2111
UID_32_25_2_all-11,34.5504
UID_32_25_3_all-5,30.7883
UID_32_25_4_all-19,29.2354
UID_32_26_10_all-12,27.8655
UID_32_26_11_all-12,36.1866
UID_32_26_1_all-4,89.3918
UID_32_26_2_all-13,58.9009
UID_32_26_3_all-20,235.117
UID_32_26_4_all-14,142.907
UID_32_26_5_all-25,32.0109
UID_32_26_6_all-8,162.544
UID_32_26_7_all-19,330.911
UID_32_26_8_all-11,117.891
UID_32_26_9_all-33,360.501
UID_32_27_1_all-14,75.936
UID_32_27_2_all-27,46.0111
UID_32_27_3_all-8,38.8664
UID_32_28_1_all-27,37.6622
UID_32_28_2_all-21,307.352
UID_32_28_3_all-22,29.5564
UID_32_28_4_all-20,24.4717
UID_32_28_5_all-17,476.63
UID_32_29_1_all-15,42.548
UID_32_29_2_all-14,1057.36
UID_32_29_3_all-7,39.1517
UID_32_29_4_all-15,61.6201
UID_32_29_5_all-28,44.4354
UID_32_29_6_all-32,46.688
UID_32_29_7_all-30,43.7981
UID_32_29_8_all-11,36.9856
UID_32_29_9_all-27,38.72
UID_32_2_1_all-25,166.54
UID_32_2_2_all-20,32.444
UID_32_2_3_all-13,28.4628
UID_32_2_4_all-12,176.148
UID_32_2_5_all-20,241.507
UID_32_2_6_all-19,39.6443
UID_32_2_7_all-27,40.2202
UID_32_30_1_all-23,51.2506
UID_32_30_2_all-5,43.4106
UID_32_30_3_all-9,172.829
UID_32_30_4_all-18,40.5923
UID_32_30_5_all-13,44.1484
UID_32_31_1_all-20,37.2219
UID_32_31_2_all-18,44.2928
UID_32_31_3_all-5,48.7697
UID_32_31_4_all-6,83.7994
UID_32_31_5_all-12,39.412
UID_32_31_6_all-15,34.443
UID_32_32_1_all-15,280.302
UID_32_32_2_all-20,34.4803
UID_32_32_3_all-17,27.2569
UID_32_33_1_all-17,30.8969
UID_32_33_2_all-15,25.9784
UID_32_33_3_all-10,32.8546
UID_32_33_4_all-17,30.3255
UID_32_33_5_all-17,36.6684
UID_32_33_6_all-17,251.28
UID_32_33_7_all-20,143.654
UID_32_34_10_all-5,111.206
UID_32_34_11_all-7,31.3109
UID_32_34_12_all-9,23.739
UID_32_34_1_all-3,38.3471
UID_32_34_2_all-9,24.9057
UID_32_34_3_all-5,41.7868
UID_32_34_4_all-6,28.6374
UID_32_34_5_all-4,24.5517
UID_32_34_6_all-19,39.0177
UID_32_34_7_all-15,38.0904
UID_32_34_8_all-8,40.9221
UID_32_34_9_all-15,35.5721
UID_32_35_1_all-20,36.4751
UID_32_35_2_all-27,36.5227
UID_32_35_3_all-12,32.0565
UID_32_35_4_all-19,31.2234
UID_32_35_5_all-14,24.4891
UID_32_36_1_all-18,35.7492
UID_32_36_2_all-21,39.2657
UID_32_36_3_all-14,103.168
UID_32_37_1_all-17,42.104
UID_32_37_2_all-33,38.5076
UID_32_37_3_all-27,46.2132
UID_32_37_4_all-33,38.9081
UID_32_37_5_all-22,36.7078
UID_32_37_6_all-24,67.4128
UID_32_38_1_all-12,31.178
UID_32_38_2_all-12,36.0771
UID_32_3_1_all-30,61.9499
UID_32_3_2_all-29,48.0869
UID_32_3_3_all-23,30.1117
UID_32_3_4_all-19,54.4259
UID_32_3_5_all-29,46.3848
UID_32_3_6_all-10,180.724
UID_32_3_7_all-29,40.9222
UID_32_3_8_all-22,32.4842
UID_32_4_1_all-15,49.434
UID_32_4_2_all-21,37.5788
UID_32_4_3_all-15,35.6955
UID_32_4_4_all-17,32.6428
UID_32_5_1_all-28,32.2383
UID_32_5_2_all-32,312.321
UID_32_5_3_all-11,172.615
UID_32_6_1_all-19,34.4696
UID_32_6_2_all-25,33.1617
UID_32_6_3_all-19,31.5219
UID_32_6_4_all-23,45.1918
UID_32_6_5_all-3,32.1706
UID_32_6_6_all-33,222.828
UID_32_6_7_all-6,126.696
UID_32_6_8_all-19,46.1074
UID_32_7_10_all-14,339.01
UID_32_7_11_all-32,54.5607
UID_32_7_12_all-28,36.8568
UID_32_7_13_all-15,29.0446
UID_32_7_1_all-7,302.653
UID_32_7_2_all-17,59.8432
UID_32_7_3_all-15,51.5991
UID_32_7_4_all-12,372.694
UID_32_7_5_all-27,37.6662
UID_32_7_6_all-21,35.2808
UID_32_7_7_all-26,41.4357
UID_32_7_8_all-18,31.1831
UID_32_7_9_all-29,51.4989
UID_32_8_1_all-16,26.0939
UID_32_8_2_all-4,33.1624
UID_32_8_3_all-21,27.2706
UID_32_8_4_all-19,23.5195
UID_32_8_5_all-6,56.2814
UID_32_8_6_all-16,31.3352
UID_32_8_7_all-31,24.9074
UID_32_8_8_all-13,31.0164
UID_32_8_9_all-21,141.45
UID_32_9_1_all-16,267.724
UID_32_9_2_all-26,66.282
UID_32_9_3_all-22,50.2669
UID_33_10_1_all-2,33.1893
UID_33_10_2_all-3,28.7775
UID_33_10_3_all-3,74.5515
UID_33_10_4_all-8,37.311
UID_33_10_5_all-2,30.8694
UID_33_10_6_all,92.6774
UID_33_11_1_all-21,31.3161
UID_33_12_1_all-5,33.0834
UID_33_12_2_all-6,40.5019
UID_33_12_3_all-16,29.2916
UID_33_12_4_all-18,74.6341
UID_33_12_5_all-18,59.0005
UID_33_12_6_all-7,87.0205
UID_33_13_1_all-15,35.2756
UID_33_13_2_all-15,96.6166
UID_33_13_3_all-22,31.4886
UID_33_13_4_all-6,29.0692
UID_33_14_1_all-7,28.5817
UID_33_14_2_all-10,98.5056
UID_33_14_3_all-12,51.4966
UID_33_14_4_all-10,30.2294
UID_33_14_5_all-5,40.4993
UID_33_15_1_all-2,28.9624
UID_33_15_2_all-3,35.1764
UID_33_15_3_all-5,33.9986
UID_33_15_4_all-15,35.634
UID_33_16_1_all-8,34.0477
UID_33_16_2_all-9,40.8229
UID_33_16_3_all-9,38.9039
UID_33_16_4_all-25,29.738
UID_33_16_5_all-6,32.4108
UID_33_17_1_all-3,34.334
UID_33_18_1_all-14,57.2128
UID_33_18_2_all-16,79.6964
UID_33_18_3_all-14,47.9204
UID_33_19_1_all-3,38.8391
UID_33_19_2_all-9,25.2316
UID_33_1_1_all-6,42.6531
UID_33_1_2_all-6,110.374
UID_33_1_3_all-10,79.4682
UID_33_1_4_all-3,33.085
UID_33_1_5_all-7,26.0442
UID_33_1_6_all-9,32.9641
UID_33_1_7_all-10,33.6119
UID_33_1_8_all-5,34.4805
UID_33_20_1_all-6,27.054
UID_33_20_2_all-4,25.6306
UID_33_20_3_all-9,34.3433
UID_33_20_4_all-3,40.0336
UID_33_21_1_all-10,60.9906
UID_33_21_2_all-7,31.1354
UID_33_21_3_all-7,45.9775
UID_33_21_4_all-4,36.5369
UID_33_21_5_all-5,37.1447
UID_33_21_6_all-17,34.2212
UID_33_21_7_all-10,36.7081
UID_33_21_8_all-9,32.2907
UID_33_22_1_all-8,33.2996
UID_33_22_2_all-13,45.9513
UID_33_22_3_all-7,37.2762
UID_33_22_4_all-12,36.3211
UID_33_22_5_all-6,35.9311
UID_33_23_1_all-18,45.6243
UID_33_23_2_all-10,57.1681
UID_33_23_3_all-16,64.844
UID_33_23_4_all-9,47.6534
UID_33_23_5_all-20,41.777
UID_33_24_1_all-16,35.3973
UID_33_24_2_all-10,62.7246
UID_33_24_3_all-11,39.78
UID_33_24_4_all-7,44.822
UID_33_24_5_all-15,115.726
UID_33_24_6_all-18,38.4299
UID_33_24_7_all-8,37.703
UID_33_25_1_all-5,53.3318
UID_33_25_2_all-8,32.1177
UID_33_25_3_all-18,40.7743
UID_33_25_4_all-6,58.9111
UID_33_25_5_all-19,40.323
UID_33_25_6_all-10,31.131
UID_33_26_1_all-26,116.171
UID_33_26_2_all-25,36.6438
UID_33_26_3_all-16,36.6822
UID_33_26_4_all-14,34.1111
UID_33_27_1_all-17,44.0805
UID_33_27_2_all-11,42.1836
UID_33_27_3_all-24,44.8199
UID_33_27_4_all-14,39.7982
UID_33_27_5_all-11,38.7277
UID_33_28_1_all-12,48.593
UID_33_28_2_all-15,45.8884
UID_33_28_3_all-7,33.8969
UID_33_28_4_all-11,35.0057
UID_33_28_5_all-6,40.4693
UID_33_28_6_all-18,52.7572
UID_33_28_7_all-23,28.9965
UID_33_29_1_all-13,49.9206
UID_33_29_2_all-10,59.7038
UID_33_29_3_all-13,58.0546
UID_33_29_4_all-19,38.8246
UID_33_29_5_all-13,28.6756
UID_33_29_6_all-17,58.2859
UID_33_29_7_all-10,44.4741
UID_33_2_1_all-15,31.2035
UID_33_2_2_all-15,45.2302
UID_33_2_3_all-11,41.7174
UID_33_2_4_all-16,36.7597
UID_33_2_5_all-14,41.5485
UID_33_2_6_all-12,40.306
UID_33_2_7_all-12,42.9073
UID_33_2_8_all-4,40.7868
UID_33_30_1_all-4,58.0685
UID_33_30_2_all-3,40.5162
UID_33_30_3_all-13,33.5848
UID_33_30_4_all-20,91.9659
UID_33_30_5_all-10,38.2066
UID_33_31_1_all-5,30.7834
UID_33_31_2_all-4,44.4963
UID_33_32_1_all-34,45.809
UID_33_32_2_all-10,36.834
UID_33_32_3_all-29,39.0269
UID_33_32_4_all-12,36.0751
UID_33_32_5_all-13,34.3435
UID_33_32_6_all-46,38.9687
UID_33_33_1_all-19,43.8579
UID_33_33_2_all-10,48.2371
UID_33_34_1_all-21,52.1549
UID_33_36_1_all-24,44.2205
UID_33_36_2_all-19,42.8374
UID_33_36_3_all-21,32.1393
UID_33_36_4_all-33,47.1786
UID_33_36_5_all-17,49.6988
UID_33_37_1_all-6,46.4363
UID_33_3_1_all-11,77.2975
UID_33_3_2_all-3,25.8563
UID_33_3_3_all-6,41.2043
UID_33_3_4_all-9,28.8297
UID_33_3_5_all-7,29.1805
UID_33_3_6_all-17,33.4825
UID_33_3_7_all-13,30.4837
UID_33_4_10_all-8,42.8157
UID_33_4_11_all-23,29.1591
UID_33_4_12_all-19,102.131
UID_33_4_13_all-20,44.5317
UID_33_4_14_all-13,29.298
UID_33_4_1_all-9,27.8895
UID_33_4_2_all-37,44.3026
UID_33_4_3_all-11,32.0467
UID_33_4_4_all-15,30.3543
UID_33_4_5_all-13,45.2867
UID_33_4_6_all-17,39.4023
UID_33_4_7_all-19,45.2336
UID_33_4_8_all-9,50.3178
UID_33_4_9_all-32,39.6372
UID_33_5_1_all-16,41.222
UID_33_5_2_all-12,49.0016
UID_33_5_3_all-7,43.281
UID_33_5_4_all-12,51.7424
UID_33_5_5_all-23,43.5958
UID_33_6_1_all-7,47.5943
UID_33_6_2_all-13,49.9891
UID_33_6_3_all-21,32.7946
UID_33_6_4_all-15,96.1741
UID_33_7_10_all-12,56.9081
UID_33_7_11_all-7,35.8462
UID_33_7_12_all-8,116.862
UID_33_7_1_all-15,46.8135
UID_33_7_2_all-4,42.1519
UID_33_7_3_all-26,37.113
UID_33_7_4_all-7,41.7505
UID_33_7_5_all-9,40.082
UID_33_7_6_all-6,42.8657
UID_33_7_7_all-12,36.9535
UID_33_7_8_all-18,34.7201
UID_33_7_9_all-20,41.2555
UID_33_8_1_all-11,31.1468
UID_33_8_2_all-9,35.0196
UID_33_9_1_all-9,37.5081
UID_33_9_2_all-10,50.3334
UID_33_9_3_all-22,53.0445
UID_33_9_4_all-17,36.863
UID_34_10_10_all-10,28.6704
UID_34_10_11_all-12,33.4148
UID_34_10_1_all-18,32.7009
UID_34_10_2_all-13,35.9951
UID_34_10_3_all-24,45.1629
UID_34_10_4_all-12,196.294
UID_34_10_5_all-12,30.3763
UID_34_10_6_all-11,238.446
UID_34_10_7_all-14,101.953
UID_34_10_8_all-16,26.1815
UID_34_10_9_all-7,169.711
UID_34_11_10_all-19,73.0174
UID_34_11_11_all-7,42.8541
UID_34_11_12_all-16,209.585
UID_34_11_1_all-9,28.4024
UID_34_11_2_all-12,31.5111
UID_34_11_3_all-8,144.464
UID_34_11_4_all-16,94.7001
UID_34_11_5_all-9,23.9313
UID_34_11_6_all-11,50.7981
UID_34_11_7_all-10,40.1373
UID_34_11_8_all-27,190.751
UID_34_11_9_all-14,32.0878
UID_34_12_10_all-16,35.1579
UID_34_12_11_all-10,566.383
UID_34_12_12_all-9,30.4952
UID_34_12_13_all-13,27.3424
UID_34_12_14_all-21,40.4047
UID_34_12_15_all-8,28.0416
UID_34_12_1_all-9,46.0054
UID_34_12_2_all-12,29.6368
UID_34_12_3_all-5,37.6681
UID_34_12_4_all-19,74.3705
UID_34_12_5_all-11,36.0112
UID_34_12_6_all-8,37.2867
UID_34_12_7_all-20,217.114
UID_34_12_8_all-3,262.045
UID_34_12_9_all-27,214.418
UID_34_13_10_all-21,27.8438
UID_34_13_11_all-4,107.875
UID_34_13_12_all-8,56.5365
UID_34_13_13_all-14,29.6659
UID_34_13_14_all-10,39.4937
UID_34_13_15_all-13,73.8387
UID_34_13_1_all-15,282.828
UID_34_13_2_all-15,25.5487
UID_34_13_3_all-7,127.668
UID_34_13_4_all-10,47.2938
UID_34_13_5_all-6,61.6999
UID_34_13_6_all-15,35.7411
UID_34_13_7_all-15,153.121
UID_34_13_8_all-6,38.9231
UID_34_13_9_all-17,28.6911
UID_34_14_10_all-29,35.4968
UID_34_14_1_all-18,57.6566
UID_34_14_2_all-16,42.0111
UID_34_14_3_all-18,30.9216
UID_34_14_4_all-19,76.7864
UID_34_14_5_all-10,100.32
UID_34_14_6_all-23,70.4312
UID_34_14_7_all-14,502.887
UID_34_14_8_all-26,36.2362
UID_34_14_9_all-15,44.1921
UID_34_15_10_all-30,46.8576
UID_34_15_1_all-22,32.9598
UID_34_15_2_all-14,204.22
UID_34_15_3_all-13,39.7099
UID_34_15_4_all-21,43.6007
UID_34_15_5_all-8,145.915
UID_34_15_6_all-56,35.3628
UID_34_15_7_all-12,35.9922
UID_34_15_8_all-10,48.4337
UID_34_15_9_all-8,32.1165
UID_34_16_1_all-18,47.1657
UID_34_16_2_all-9,184.639
UID_34_16_3_all-20,31.7701
UID_34_16_4_all-19,44.7277
UID_34_16_5_all-29,214.967
UID_34_16_6_all-8,53.0725
UID_34_16_7_all-14,26.858
UID_34_17_10_all-11,36.8108
UID_34_17_11_all-27,33.9754
UID_34_17_12_all-15,33.148
UID_34_17_13_all-9,37.2549
UID_34_17_14_all-33,30.9155
UID_34_17_15_all-20,30.6115
UID_34_17_16_all-12,48.4121
UID_34_17_17_all-22,33.494
UID_34_17_18_all-15,82.8486
UID_34_17_1_all-14,26.0348
UID_34_17_2_all-7,31.3541
UID_34_17_3_all-20,228.526
UID_34_17_4_all-17,33.8675
UID_34_17_5_all-35,38.268
UID_34_17_6_all-23,47.4939
UID_34_17_7_all-22,32.7282
UID_34_17_8_all-17,53.4355
UID_34_17_9_all-28,35.5419
UID_34_18_10_all-27,182.918
UID_34_18_11_all-26,32.6699
UID_34_18_12_all-18,39.3237
UID_34_18_13_all-23,257.893
UID_34_18_1_all-6,52.2659
UID_34_18_2_all-20,65.5535
UID_34_18_3_all-7,37.5516
UID_34_18_4_all-11,69.0847
UID_34_18_5_all-24,182.269
UID_34_18_6_all-22,207.654
UID_34_18_7_all-16,67.7816
UID_34_18_8_all-15,74.8995
UID_34_18_9_all-24,28.9121
UID_34_19_10_all-14,28.5836
UID_34_19_11_all-9,115.279
UID_34_19_12_all-15,25.1516
UID_34_19_13_all-12,37.3378
UID_34_19_14_all-4,26.234
UID_34_19_15_all-9,32.5208
UID_34_19_16_all-19,179.853
UID_34_19_1_all-8,31.891
UID_34_19_2_all-19,42.0639
UID_34_19_3_all-10,36.3104
UID_34_19_4_all-16,122.91
UID_34_19_5_all-16,32.9752
UID_34_19_6_all-6,31.1706
UID_34_19_7_all-12,122.154
UID_34_19_8_all-18,47.403
UID_34_19_9_all-29,34.4567
UID_34_1_1_all-13,102.617
UID_34_1_2_all-16,35.0943
UID_34_1_3_all-14,76.0737
UID_34_1_4_all-19,225.325
UID_34_1_5_all-15,223.042
UID_34_1_6_all-12,25.2978
UID_34_20_1_all-8,96.7293
UID_34_20_2_all,35.8548
UID_34_20_3_all-9,35.9944
UID_34_20_4_all-14,49.2145
UID_34_20_5_all-20,24.2843
UID_34_20_6_all-18,39.272
UID_34_20_7_all-10,48.7826
UID_34_20_8_all-23,28.9622
UID_34_21_10_all-3,73.8468
UID_34_21_11_all-15,302.492
UID_34_21_12_all-12,87.171
UID_34_21_13_all-15,183.922
UID_34_21_14_all-11,35.803
UID_34_21_15_all-21,28.959
UID_34_21_16_all-16,87.4444
UID_34_21_17_all-8,35.7829
UID_34_21_18_all-12,228.55
UID_34_21_19_all-17,26.8574
UID_34_21_1_all-20,26.9886
UID_34_21_20_all-4,29.2999
UID_34_21_21_all-10,35.1513
UID_34_21_2_all-12,164.448
UID_34_21_3_all-22,81.598
UID_34_21_4_all-15,34.3456
UID_34_21_5_all-18,32.145
UID_34_21_6_all-19,184.612
UID_34_21_7_all-12,31.5652
UID_34_21_8_all-6,225.364
UID_34_21_9_all-24,37.2254
UID_34_22_10_all-35,66.1676
UID_34_22_11_all-19,26.8489
UID_34_22_12_all-4,57.7733
UID_34_22_1_all-13,31.9289
UID_34_22_2_all-11,294.359
UID_34_22_3_all-8,300.282
UID_34_22_4_all-7,270.636
UID_34_22_5_all-11,28.7952
UID_34_22_6_all-30,129.078
UID_34_22_7_all-10,41.0996
UID_34_22_8_all-21,29.7614
UID_34_22_9_all-30,25.5171
UID_34_23_1_all-7,30.5702
UID_34_23_2_all-14,29.7629
UID_34_23_3_all-25,152.508
UID_34_23_4_all-20,50.034
UID_34_23_5_all-12,88.1158
UID_34_24_10_all-11,27.3436
UID_34_24_11_all-20,34.8245
UID_34_24_1_all-21,36.6669
UID_34_24_2_all-10,156.491
UID_34_24_3_all-10,200.851
UID_34_24_4_all-15,27.1039
UID_34_24_5_all-14,26.3041
UID_34_24_6_all-22,40.1669
UID_34_24_7_all-18,26.6572
UID_34_24_8_all-19,31.8863
UID_34_24_9_all-25,35.1266
UID_34_25_10_all-27,38.1336
UID_34_25_11_all-9,30.2338
UID_34_25_12_all-8,27.379
UID_34_25_13_all-9,118.433
UID_34_25_1_all-12,570.627
UID_34_25_2_all-20,240.93
UID_34_25_3_all-13,36.0983
UID_34_25_4_all-15,23.7746
UID_34_25_5_all-22,619.148
UID_34_25_6_all-13,36.4727
UID_34_25_7_all-17,32.3514
UID_34_25_8_all-18,239.695
UID_34_25_9_all-7,42.9886
UID_34_26_1_all-7,32.3838
UID_34_26_2_all-21,28.1347
UID_34_26_3_all-17,131.985
UID_34_26_4_all-22,42.0959
UID_34_26_5_all-19,33.3107
UID_34_26_6_all-14,35.6949
UID_34_26_7_all-14,33.5906
UID_34_27_1_all-17,42.4877
UID_34_27_2_all-24,45.5015
UID_34_27_3_all-8,32.8423
UID_34_27_4_all-14,27.7868
UID_34_27_5_all-32,31.9737
UID_34_27_6_all-31,28.4764
UID_34_28_1_all-9,53.8676
UID_34_28_2_all-18,41.35
UID_34_28_3_all-15,36.4276
UID_34_28_4_all-15,24.0681
UID_34_28_5_all-17,436.925
UID_34_29_1_all-20,185.355
UID_34_29_2_all-12,69.0956
UID_34_29_3_all-14,43.5824
UID_34_29_4_all-17,137.385
UID_34_29_5_all-20,39.2945
UID_34_29_6_all-7,196.37
UID_34_2_10_all-21,32.8085
UID_34_2_11_all-13,33.1128
UID_34_2_12_all-24,32.6418
UID_34_2_13_all-11,87.9019
UID_34_2_14_all-35,40.1082
UID_34_2_1_all-13,127.424
UID_34_2_2_all-9,26.1273
UID_34_2_3_all-13,29.546
UID_34_2_4_all-8,108.944
UID_34_2_5_all-5,26.7886
UID_34_2_6_all-10,37.5198
UID_34_2_7_all-26,43.1848
UID_34_2_8_all-9,30.8748
UID_34_2_9_all-19,154.52
UID_34_30_10_all-13,26.1583
UID_34_30_11_all-13,33.8224
UID_34_30_12_all-19,400.275
UID_34_30_13_all-23,32.8875
UID_34_30_1_all-25,37.2861
UID_34_30_2_all-21,37.8312
UID_34_30_3_all-38,40.0674
UID_34_30_4_all-16,27.4503
UID_34_30_5_all-12,32.0759
UID_34_30_6_all-6,46.2087
UID_34_30_7_all,11.1254
UID_34_30_8_all-28,30.3715
UID_34_30_9_all-27,133.181
UID_34_31_1_all-10,39.099
UID_34_31_2_all-25,31.7138
UID_34_31_3_all-19,44.5794
UID_34_31_4_all-22,21.6416
UID_34_31_5_all-16,243.624
UID_34_31_6_all-20,55.7911
UID_34_31_7_all-28,209.033
UID_34_31_8_all-11,254.136
UID_34_32_1_all-24,30.1054
UID_34_32_2_all-18,33.8178
UID_34_32_3_all-33,30.3807
UID_34_32_4_all-27,90.6944
UID_34_32_5_all-28,88.5861
UID_34_32_6_all-20,23.6801
UID_34_32_7_all-23,28.8141
UID_34_32_8_all-4,31.4377
UID_34_32_9_all-29,29.1172
UID_34_33_1_all-13,361.214
UID_34_33_2_all-11,165.813
UID_34_33_3_all-31,34.3536
UID_34_33_4_all-16,45.7463
UID_34_33_5_all-17,37.4171
UID_34_33_6_all-17,66.4156
UID_34_33_7_all-19,36.4981
UID_34_33_8_all-13,172.404
UID_34_33_9_all-19,35.2843
UID_34_34_1_all-27,34.8899
UID_34_34_2_all-20,24.3567
UID_34_34_3_all-19,34.2494
UID_34_34_4_all-15,1530.84
UID_34_34_5_all-32,76.8046
UID_34_34_6_all-24,3787.16
UID_34_34_7_all-15,54.3885
UID_34_35_1_all-10,42.1633
UID_34_35_2_all-14,35.3839
UID_34_35_3_all-20,29.8593
UID_34_35_4_all-30,46.6617
UID_34_35_5_all-20,22.9493
UID_34_35_6_all-28,44.13
UID_34_35_7_all-17,44.518
UID_34_35_8_all-23,477.168
UID_34_35_9_all-14,202.078
UID_34_36_1_all-17,205.263
UID_34_36_2_all-21,271.853
UID_34_36_3_all-21,52.1444
UID_34_36_4_all-13,115.645
UID_34_36_5_all-21,35.7544
UID_34_36_6_all-11,152.858
UID_34_36_7_all-14,223.379
UID_34_37_1_all-19,42.059
UID_34_37_2_all-9,31.1178
UID_34_37_3_all-2,54.8207
UID_34_37_4_all-22,29.1046
UID_34_3_1_all-16,284.748
UID_34_4_1_all-20,47.3297
UID_34_4_2_all-26,119.202
UID_34_4_3_all-20,31.3944
UID_34_4_4_all-13,72.4019
UID_34_4_5_all-21,26.3551
UID_34_4_6_all-17,25.4084
UID_34_5_1_all-34,42.226
UID_34_5_2_all-13,81.1588
UID_34_5_3_all-23,32.1598
UID_34_5_4_all-11,33.0141
UID_34_6_1_all-19,39.1021
UID_34_6_2_all-16,23.1853
UID_34_6_3_all-14,49.8632
UID_34_6_4_all-18,81.1295
UID_34_6_5_all-9,33.629
UID_34_6_6_all-17,30.0378
UID_34_7_10_all-16,169.797
UID_34_7_11_all-20,36.9238
UID_34_7_12_all-9,80.7522
UID_34_7_13_all-16,100.329
UID_34_7_14_all-15,69.1391
UID_34_7_15_all-4,43.4355
UID_34_7_16_all-29,157.363
UID_34_7_17_all-16,27.792
UID_34_7_1_all-16,30.3424
UID_34_7_2_all-15,33.3332
UID_34_7_3_all-10,113.115
UID_34_7_4_all-8,53.47
UID_34_7_5_all-13,31.494
UID_34_7_6_all-22,46.6683
UID_34_7_7_all-19,173.506
UID_34_7_8_all-23,33.9836
UID_34_7_9_all-8,69.3772
UID_34_8_1_all-8,29.3482
UID_34_9_10_all-17,42.2247
UID_34_9_1_all-13,68.1971
UID_34_9_2_all-24,24.4315
UID_34_9_3_all-26,45.042
UID_34_9_4_all-17,235.771
UID_34_9_5_all-9,166.495
UID_34_9_6_all-17,27.6457
UID_34_9_7_all-14,43.4384
UID_34_9_8_all-22,32.352
UID_34_9_9_all-9,42.3815
UID_38_10_1_all-5,51.8111
UID_38_10_2_all-23,25.7635
UID_38_10_3_all-4,68.1296
UID_38_10_4_all-10,23.5395
UID_38_10_5_all-27,19.7348
UID_38_10_6_all-3,31.3592
UID_38_11_1_all-12,54.3914
UID_38_11_2_all-18,26.5673
UID_38_11_3_all-17,25.7831
UID_38_11_4_all-39,31.9864
UID_38_11_5_all-21,31.4729
UID_38_11_6_all-6,28.5912
UID_38_12_1_all-25,23.8968
UID_38_12_2_all-17,26.745
UID_38_12_3_all-21,25.5196
UID_38_13_1_all-22,29.0486
UID_38_13_2_all-21,42.4072
UID_38_13_3_all-2,37.4966
UID_38_13_4_all-8,28.72
UID_38_13_5_all-16,33.7545
UID_38_13_6_all-16,33.6402
UID_38_14_1_all-27,42.2874
UID_38_14_2_all-7,23.2843
UID_38_14_3_all-20,26.7248
UID_38_14_4_all-24,52.1534
UID_38_14_5_all-28,23.5805
UID_38_14_6_all-11,26.2346
UID_38_14_7_all-27,25.791
UID_38_14_8_all-10,27.5651
UID_38_15_1_all,11.321
UID_38_15_2_all-8,32.709
UID_38_15_3_all-6,29.3011
UID_38_15_4_all-25,28.1426
UID_38_15_5_all-2,19.929
UID_38_15_6_all-14,33.4797
UID_38_15_7_all-27,30.7886
UID_38_15_8_all-30,34.3283
UID_38_16_1_all-9,53.9021
UID_38_16_2_all-9,162.264
UID_38_17_1_all-30,35.1232
UID_38_17_2_all-11,102.154
UID_38_17_3_all-12,177.9
UID_38_17_4_all-12,176.981
UID_38_18_1_all-17,50.7835
UID_38_18_2_all-19,32.5157
UID_38_18_3_all-9,21.2394
UID_38_18_4_all-24,147.991
UID_38_1_1_all-8,31.6596
UID_38_1_2_all-10,24.619
UID_38_1_3_all-11,27.379
UID_38_1_4_all-11,25.8969
UID_38_20_1_all-12,55.8887
UID_38_20_2_all-9,42.4321
UID_38_20_3_all-34,243.708
UID_38_20_4_all-16,25.866
UID_38_20_5_all,6.49102
UID_38_20_6_all-18,46.0543
UID_38_20_7_all-8,133.908
UID_38_20_8_all-16,104.16
UID_38_20_9_all-21,180.377
UID_38_21_10_all-17,26.9226
UID_38_21_1_all-8,116.798
UID_38_21_2_all-15,7.02529
UID_38_21_3_all-24,272.32
UID_38_21_4_all-20,96.0514
UID_38_21_5_all-25,485.166
UID_38_21_6_all-26,50.2815
UID_38_21_7_all-28,32.7478
UID_38_21_8_all-23,34.6954
UID_38_21_9_all-11,39.1001
UID_38_22_10_all-16,37.5066
UID_38_22_11_all-16,162.014
UID_38_22_12_all-27,26.0425
UID_38_22_1_all-18,39.2983
UID_38_22_2_all-32,48.1202
UID_38_22_3_all-25,34.268
UID_38_22_4_all-5,7.34105
UID_38_22_5_all-34,34.1556
UID_38_22_6_all-31,38.3069
UID_38_22_7_all-45,115.712
UID_38_22_8_all-17,34.1442
UID_38_22_9_all-20,55.4147
UID_38_23_1_all-16,37.0971
UID_38_23_2_all-26,29.4048
UID_38_23_3_all-11,176.569
UID_38_23_4_all-19,28.2989
UID_38_23_5_all-17,24.5454
UID_38_24_1_all-2,6.2851
UID_38_24_2_all-13,38.318
UID_38_24_3_all-11,26.8745
UID_38_24_4_all-10,45.4303
UID_38_25_1_all-15,28.0717
UID_38_25_2_all-3,38.084
UID_38_26_1_all-14,29.2078
UID_38_26_2_all-33,29.5877
UID_38_26_3_all-36,28.9117
UID_38_26_4_all-13,33.087
UID_38_26_5_all-21,31.8299
UID_38_2_1_all-41,389.616
UID_38_2_2_all-20,41.4279
UID_38_3_1_all-14,28.6147
UID_38_3_2_all-16,27.5793
UID_38_3_3_all-21,37.0618
UID_38_4_1_all-15,34.2514
UID_38_5_10_all-5,61.1227
UID_38_5_11_all-15,32.8407
UID_38_5_1_all-12,27.0738
UID_38_5_2_all-8,34.9582
UID_38_5_3_all-14,30.941
UID_38_5_4_all-4,34.3464
UID_38_5_5_all-21,31.0978
UID_38_5_6_all-20,41.0893
UID_38_5_7_all-12,29.4162
UID_38_5_8_all-12,28.3547
UID_38_5_9_all-21,28.6557
UID_38_6_10_all-2,21.439
UID_38_6_11_all-20,27.0434
UID_38_6_12_all-20,30.7523
UID_38_6_13_all-15,50.2973
UID_38_6_1_all-13,25.8515
UID_38_6_2_all-8,32.4841
UID_38_6_3_all-11,68.0375
UID_38_6_4_all-24,30.7022
UID_38_6_5_all-21,26.9739
UID_38_6_6_all-11,38.0921
UID_38_6_7_all-6,28.2037
UID_38_6_8_all-10,30.7346
UID_38_6_9_all-24,200.141
UID_38_7_1_all-16,25.5695
UID_38_7_2_all-13,32.5018
UID_38_7_3_all-16,25.4217
UID_38_7_4_all-21,28.2578
UID_38_7_5_all-12,79.04
UID_38_7_6_all-24,247.207
UID_38_7_7_all-22,26.0534
UID_38_8_1_all-12,71.9335
UID_38_8_2_all-25,323.19
UID_38_8_3_all-24,36.1214
UID_38_8_4_all-10,29.0988
UID_38_8_5_all-27,30.8566
UID_38_8_6_all-15,34.5758
UID_38_8_7_all-14,46.6861
UID_38_9_1_all-9,35.9078
UID_38_9_2_all-11,29.854
UID_38_9_3_all-18,29.9606
UID_44_10_1_all-9,29.9605
UID_44_10_2_all-15,25.0702
UID_44_10_3_all-8,37.6468
UID_44_10_4_all-11,29.1241
UID_44_10_5_all-18,33.348
UID_44_10_6_all-15,38.7506
UID_44_11_1_all-12,47.2663
UID_44_11_2_all-35,26.6762
UID_44_11_3_all-11,58.9434
UID_44_11_4_all-36,57.6638
UID_44_12_1_all-3,89.6972
UID_44_12_2_all-18,228.722
UID_44_12_3_all-17,37.5254
UID_44_13_1_all-9,42.6076
UID_44_13_2_all-16,41.3548
UID_44_14_1_all-6,107.319
UID_44_14_2_all-22,29.6862
UID_44_14_3_all-24,28.7284
UID_44_14_4_all-20,34.8327
UID_44_14_5_all-12,33.9079
UID_44_15_1_all-7,35.0568
UID_44_15_2_all-4,32.1158
UID_44_15_3_all-25,43.1793
UID_44_16_1_all-14,53.6506
UID_44_16_2_all-18,34.2027
UID_44_16_3_all-29,40.3306
UID_44_16_4_all-14,31.2949
UID_44_17_1_all-25,99.1827
UID_44_17_2_all-8,27.8101
UID_44_17_3_all-37,38.5402
UID_44_17_4_all-15,40.4072
UID_44_18_1_all-15,53.8786
UID_44_18_2_all-5,30.776
UID_44_18_3_all-26,31.4964
UID_44_18_4_all-15,33.6386
UID_44_19_1_all-27,31.7061
UID_44_19_2_all-19,30.8588
UID_44_19_3_all-24,27.4691
UID_44_1_1_all-25,33.837
UID_44_1_2_all-17,27.2971
UID_44_1_3_all-13,26.3537
UID_44_1_4_all-14,35.5111
UID_44_1_5_all-4,25.113
UID_44_1_6_all-17,22.8152
UID_44_1_7_all-12,27.0314
UID_44_20_1_all-18,26.5281
UID_44_20_2_all-13,30.5575
UID_44_20_3_all-12,494.147
UID_44_21_1_all-11,29.7804
UID_44_21_2_all-17,46.0099
UID_44_21_3_all-18,39.0872
UID_44_22_1_all-7,34.3977
UID_44_22_2_all-8,148.872
UID_44_22_3_all-16,31.2549
UID_44_22_4_all-28,29.4696
UID_44_22_5_all-9,34.3096
UID_44_22_6_all-21,26.0698
UID_44_23_1_all-3,30.97
UID_44_23_2_all-15,42.0055
UID_44_23_3_all-24,29.607
UID_44_23_4_all-6,33.4152
UID_44_23_5_all-15,24.611
UID_44_23_6_all-8,27.2627
UID_44_23_7_all-7,31.0235
UID_44_24_1_all-14,27.1467
UID_44_24_2_all-15,32.2227
UID_44_24_3_all-17,32.2917
UID_44_25_1_all-7,52.2112
UID_44_25_2_all-27,33.1806
UID_44_26_1_all-12,45.2982
UID_44_26_2_all-3,28.5339
UID_44_26_3_all-19,33.5019
UID_44_27_1_all-30,43.8002
UID_44_27_2_all-18,52.6781
UID_44_27_3_all-24,31.5853
UID_44_28_1_all-23,65.6928
UID_44_28_2_all-22,38.875
UID_44_29_1_all-8,52.1634
UID_44_29_2_all-22,31.4101
UID_44_29_3_all-28,31.8838
UID_44_29_4_all-22,36.4002
UID_44_2_1_all-13,32.6939
UID_44_2_2_all-19,51.9713
UID_44_2_3_all-18,71.6884
UID_44_2_4_all-17,41.6577
UID_44_2_5_all-31,28.7851
UID_44_30_1_all-25,34.685
UID_44_30_2_all-20,34.2092
UID_44_30_3_all-26,74.9383
UID_44_30_4_all-23,125.769
UID_44_31_1_all-2,27.2559
UID_44_31_2_all-12,41.0285
UID_44_31_3_all-18,40.7904
UID_44_32_1_all-17,42.075
UID_44_32_2_all-23,30.6325
UID_44_32_3_all-15,32.6002
UID_44_33_1_all-12,34.5622
UID_44_33_2_all-14,23.6168
UID_44_34_1_all-24,28.474
UID_44_34_2_all-9,31.1561
UID_44_34_3_all-18,33.4496
UID_44_34_4_all-20,23.5205
UID_44_34_5_all-9,22.2113
UID_44_35_1_all-2,27.9824
UID_44_35_2_all-5,26.3331
UID_44_36_1_all-2,46.229
UID_44_37_1_all-13,34.3183
UID_44_37_2_all-20,29.2842
UID_44_37_3_all-17,34.4656
UID_44_37_4_all-27,31.5729
UID_44_37_5_all-12,27.6259
UID_44_3_1_all-20,49.0196
UID_44_3_2_all-25,55.8178
UID_44_3_3_all-18,31.6042
UID_44_3_4_all-20,34.1495
UID_44_4_1_all-13,28.3009
UID_44_4_2_all-8,41.2228
UID_44_4_3_all-12,32.4214
UID_44_4_4_all-16,25.5744
UID_44_4_5_all-26,36.811
UID_44_4_6_all-13,41.4798
UID_44_4_7_all-4,38.6754
UID_44_4_8_all-12,30.3067
UID_44_4_9_all-12,45.5466
UID_44_5_1_all-12,28.9786
UID_44_5_2_all-27,34.6653
UID_44_5_3_all-18,82.7029
UID_44_6_1_all-14,42.7244
UID_44_6_2_all-13,23.0976
UID_44_6_3_all-5,37.6815
UID_44_6_4_all-6,44.1714
UID_44_7_1_all-26,37.155
UID_44_7_2_all-7,32.2604
UID_44_7_3_all-34,57.7588
UID_44_7_4_all-13,48.8712
UID_44_7_5_all-9,63.6199
UID_44_8_1_all-17,44.0661
UID_44_8_2_all-14,38.5352
UID_44_8_3_all-16,46.6721
UID_44_8_4_all-15,38.5389
UID_44_8_5_all-13,35.4919
UID_44_9_1_all-21,36.9129
UID_44_9_2_all-17,40.2407
UID_44_9_3_all-13,57.0702
UID_44_9_4_all-16,61.1299
UID_44_9_5_all-22,36.3756
UID_46_10_1_all-26,108.378
UID_46_10_2_all-9,23.9255
UID_46_10_3_all-5,76.7834
UID_46_11_1_all-18,25.4161
UID_46_11_2_all-6,66.138
UID_46_11_3_all-15,67.6772
UID_46_11_4_all-12,55.5654
UID_46_12_1_all-25,156.249
UID_46_13_1_all-10,42.5221
UID_46_13_2_all-13,26.3454
UID_46_13_3_all-11,51.48
UID_46_13_4_all-16,49.5833
UID_46_13_5_all-16,53.8073
UID_46_13_6_all-10,63.8554
UID_46_13_7_all-26,68.9222
UID_46_13_8_all-10,36.0688
UID_46_13_9_all-14,27.8272
UID_46_14_1_all-18,211.526
UID_46_14_2_all-13,114.819
UID_46_15_1_all-9,97.1637
UID_46_15_2_all-20,33.4596
UID_46_15_3_all-16,28.8606
UID_46_15_4_all-18,80.9636
UID_46_16_1_all-18,37.5891
UID_46_16_2_all-19,30.0796
UID_46_16_3_all-9,1013.01
UID_46_16_4_all-12,34.9067
UID_46_16_5_all-21,56.6728
UID_46_17_1_all,7.15529
UID_46_17_2_all-20,22.0298
UID_46_17_3_all-13,33.4549
UID_46_17_4_all-15,32.0652
UID_46_17_5_all-20,26.3035
UID_46_17_6_all-40,34.0084
UID_46_17_7_all-5,37.4789
UID_46_17_8_all-11,53.0028
UID_46_18_1_all-8,325.008
UID_46_18_2_all-13,226.325
UID_46_18_3_all-9,91.372
UID_46_19_1_all-16,23.8263
UID_46_19_2_all-6,56.5711
UID_46_19_3_all-5,61.6698
UID_46_1_1_all-7,20.2543
UID_46_1_2_all-11,25.3464
UID_46_1_3_all-3,48.0693
UID_46_1_4_all-8,28.8047
UID_46_1_5_all-6,27.9151
UID_46_20_1_all-21,34.7118
UID_46_20_2_all-18,29.4398
UID_46_20_3_all-12,99.978
UID_46_20_4_all-4,33.8222
UID_46_20_5_all-18,34.0338
UID_46_20_6_all-24,30.8707
UID_46_21_10_all-32,24.8271
UID_46_21_1_all-15,62.1915
UID_46_21_2_all-14,30.4701
UID_46_21_3_all,12.2294
UID_46_21_4_all-24,332.73
UID_46_21_5_all-11,342.805
UID_46_21_6_all-9,222.325
UID_46_21_7_all-21,258.548
UID_46_21_8_all-19,30.2226
UID_46_21_9_all-6,239.44
UID_46_22_1_all-13,80.4529
UID_46_22_2_all-16,35.5691
UID_46_22_3_all-13,27.2706
UID_46_22_4_all-15,142.762
UID_46_22_5_all-17,23.0635
UID_46_22_6_all-14,39.1659
UID_46_22_7_all-25,196.419
UID_46_22_8_all-34,31.8836
UID_46_22_9_all-12,34.4487
UID_46_23_1_all-12,58.8991
UID_46_23_2_all-11,794.869
UID_46_23_3_all-23,32.3467
UID_46_23_4_all-24,53.9993
UID_46_24_1_all-19,41.0423
UID_46_24_2_all-21,25.9182
UID_46_24_3_all-7,133.056
UID_46_24_4_all-21,26.1419
UID_46_24_5_all-7,76.7015
UID_46_25_1_all-16,673.815
UID_46_25_2_all-14,29.2608
UID_46_25_3_all-17,268.762
UID_46_25_4_all-2,537.927
UID_46_25_5_all-16,54.7412
UID_46_25_6_all-25,21.8903
UID_46_26_1_all-17,48.294
UID_46_26_2_all-28,41.7735
UID_46_26_3_all-8,107.513
UID_46_26_4_all-15,23.8898
UID_46_27_1_all-15,259.902
UID_46_28_1_all-23,30.4445
UID_46_29_1_all-10,100.437
UID_46_29_2_all-13,38.9588
UID_46_29_3_all-11,27.9106
UID_46_29_4_all-13,34.9276
UID_46_29_5_all-5,155.612
UID_46_2_1_all-17,26.7075
UID_46_2_2_all-21,28.3405
UID_46_2_3_all-23,38.9331
UID_46_2_4_all-17,26.0556
UID_46_2_5_all-14,28.2655
UID_46_30_1_all-16,77.2588
UID_46_30_2_all-23,195.04
UID_46_30_3_all-18,216.372
UID_46_30_4_all-5,188.367
UID_46_30_5_all-15,66.3346
UID_46_31_1_all-14,36.9299
UID_46_31_2_all-12,64.0609
UID_46_31_3_all-17,123.294
UID_46_31_4_all-10,73.8529
UID_46_31_5_all-17,210.459
UID_46_32_1_all-13,42.7924
UID_46_33_1_all-15,245.49
UID_46_33_2_all-9,169.493
UID_46_33_3_all-7,151.28
UID_46_33_4_all-11,219.763
UID_46_34_1_all-17,26.3962
UID_46_34_2_all-7,58.3323
UID_46_34_3_all-6,104.136
UID_46_35_1_all-23,85.5203
UID_46_35_2_all-22,30.3128
UID_46_36_1_all-19,27.7471
UID_46_36_2_all-23,41.2946
UID_46_36_3_all-18,195.764
UID_46_37_1_all-19,36.6687
UID_46_3_10_all-18,140.91
UID_46_3_11_all-18,140.4
UID_46_3_12_all-19,23.5442
UID_46_3_1_all-30,35.7237
UID_46_3_2_all-25,103.334
UID_46_3_3_all-23,28.5208
UID_46_3_4_all-19,25.5179
UID_46_3_5_all-15,182.87
UID_46_3_6_all-13,29.7329
UID_46_3_7_all-21,25.5837
UID_46_3_8_all-10,27.4807
UID_46_3_9_all-12,33.2338
UID_46_4_1_all-12,67.7588
UID_46_4_2_all-14,26.4709
UID_46_4_3_all-10,41.1771
UID_46_4_4_all-6,40.7514
UID_46_4_5_all-14,26.5066
UID_46_4_6_all-19,24.495
UID_46_4_7_all-6,38.0032
UID_46_5_10_all-7,112.405
UID_46_5_1_all-19,144.39
UID_46_5_2_all-31,56.5799
UID_46_5_3_all-4,96.7032
UID_46_5_4_all-4,249.099
UID_46_5_5_all-6,236.258
UID_46_5_6_all-9,155.968
UID_46_5_7_all-4,59.5273
UID_46_5_8_all-8,82.9118
UID_46_5_9_all-17,95.6058
UID_46_6_10_all-16,24.6049
UID_46_6_1_all-14,64.1321
UID_46_6_2_all-14,41.3575
UID_46_6_3_all-20,42.4792
UID_46_6_4_all-7,36.6575
UID_46_6_5_all-12,141.78
UID_46_6_6_all-24,27.7181
UID_46_6_7_all-4,42.2465
UID_46_6_8_all-8,34.561
UID_46_6_9_all-5,29.4455
UID_46_7_10_all-13,29.1112
UID_46_7_11_all-7,30.6031
UID_46_7_12_all-17,39.1855
UID_46_7_13_all-6,87.7214
UID_46_7_1_all-16,28.2226
UID_46_7_2_all-28,129.661
UID_46_7_3_all-11,452.156
UID_46_7_4_all-15,27.1138
UID_46_7_5_all-24,182.098
UID_46_7_6_all-9,567.365
UID_46_7_7_all-10,282.145
UID_46_7_8_all-22,26.5709
UID_46_7_9_all-16,25.8034
UID_46_8_1_all-17,40.3402
UID_46_8_2_all-17,65.9093
UID_46_8_3_all-12,108.557
UID_46_8_4_all-18,29.0885
UID_46_8_5_all-29,32.822
UID_46_9_1_all-25,34.5137
UID_46_9_2_all-16,35.4641
UID_46_9_3_all-5,138.255
UID_46_9_4_all-9,27.5317
UID_46_9_5_all-9,65.81
UID_46_9_6_all-14,82.3206
UID_51_101_1_all-25,58.3419
UID_51_101_2_all-27,55.2699
UID_51_101_3_all-36,43.6447
UID_51_101_4_all-30,54.0369
UID_51_101_5_all,6.86836
UID_51_101_6_all-31,47.7883
UID_51_101_7_all-31,72.8578
UID_51_101_8_all-24,35.9524
UID_51_101_9_all-18,58.7725
UID_51_102_1_all-15,27.974
UID_51_102_2_all-16,35.3732
UID_51_102_3_all-39,39.3374
UID_51_102_4_all-33,39.4203
UID_51_102_5_all-43,25.0825
UID_51_102_6_all-37,37.5706
UID_51_102_7_all-21,34.2136
UID_51_102_8_all-17,27.3222
UID_51_103_1_all-2,117.782
UID_51_103_2_all-21,375.94
UID_51_103_3_all-11,105.662
UID_51_103_4_all-27,422.632
UID_51_103_5_all-13,67.3155
UID_51_104_1_all-7,42.9191
UID_51_104_2_all-5,84.6414
UID_51_104_3_all-8,32.0411
UID_51_104_4_all-14,27.9923
UID_51_105_1_all-30,40.5121
UID_51_105_2_all-4,29.9414
UID_51_105_3_all-8,28.6018
UID_51_105_4_all,19.3327
UID_51_106_1_all-34,44.4099
UID_51_106_2_all-23,52.0457
UID_51_106_3_all-27,33.0855
UID_51_106_4_all-21,61.3006
UID_51_107_1_all-16,31.5785
UID_51_107_2_all-27,24.6734
UID_51_107_3_all-31,41.0528
UID_51_107_4_all-15,29.2308
UID_51_108_1_all-34,40.0224
UID_51_108_2_all-18,35.8869
UID_51_108_3_all-22,49.0637
UID_51_108_4_all-15,44.976
UID_51_108_5_all-13,51.7525
UID_51_108_6_all-19,56.2169
UID_51_109_1_all-4,34.2562
UID_51_10_1_all-13,616.555
UID_51_10_2_all-12,64.3767
UID_51_10_3_all-22,29.3616
UID_51_10_4_all-22,29.7726
UID_51_10_5_all-27,250.935
UID_51_110_1_all-8,33.7547
UID_51_110_2_all-28,40.7391
UID_51_110_3_all-25,46.3098
UID_51_111_10_all-17,43.1715
UID_51_111_11_all-14,32.3561
UID_51_111_12_all-9,63.863
UID_51_111_1_all-6,35.4143
UID_51_111_2_all-15,28.2022
UID_51_111_3_all-12,33.6362
UID_51_111_4_all-25,57.9963
UID_51_111_5_all-22,31.6062
UID_51_111_6_all-10,42.2369
UID_51_111_7_all-23,47.5506
UID_51_111_8_all-17,62.5678
UID_51_111_9_all-10,49.2575
UID_51_112_1_all-26,37.4207
UID_51_112_2_all-28,25.8938
UID_51_113_1_all-12,38.1342
UID_51_113_2_all-23,142.057
UID_51_113_3_all-30,159.196
UID_51_113_4_all-21,31.9172
UID_51_115_1_all-10,103.31
UID_51_115_2_all-13,37.8626
UID_51_115_3_all-22,31.1659
UID_51_115_4_all-23,29.96
UID_51_116_10_all-11,34.7645
UID_51_116_11_all-30,34.8753
UID_51_116_12_all-23,30.4227
UID_51_116_1_all-17,31.807
UID_51_116_2_all-8,130.372
UID_51_116_3_all-25,51.8691
UID_51_116_4_all-11,160.969
UID_51_116_5_all-13,44.5542
UID_51_116_6_all-18,45.1864
UID_51_116_7_all-26,43.8061
UID_51_116_8_all-10,35.8574
UID_51_116_9_all-18,38.6021
UID_51_117_1_all-6,320.522
UID_51_117_2_all-17,28.9156
UID_51_118_10_all-15,42.9933
UID_51_118_1_all-25,223.285
UID_51_118_2_all-26,71.8929
UID_51_118_3_all-23,42.2831
UID_51_118_4_all-34,33.7775
UID_51_118_5_all-30,50.0147
UID_51_118_6_all-13,45.7778
UID_51_118_7_all-7,172.481
UID_51_118_8_all-10,65.4993
UID_51_118_9_all-18,63.8649
UID_51_119_1_all-23,281.681
UID_51_119_2_all-4,52.5768
UID_51_11_1_all-9,40.3028
UID_51_11_2_all-9,31.9745
UID_51_11_3_all-7,29.1267
UID_51_11_4_all-8,31.8529
UID_51_120_1_all-17,42.2237
UID_51_120_2_all-9,45.2299
UID_51_121_1_all-23,38.2877
UID_51_121_2_all-35,126.695
UID_51_121_3_all-28,44.3141
UID_51_121_4_all-27,35.0099
UID_51_122_1_all-25,40.4762
UID_51_122_2_all-9,458.186
UID_51_122_3_all-27,33.0419
UID_51_122_4_all-15,28.7281
UID_51_123_1_all-9,31.4258
UID_51_123_2_all-15,45.607
UID_51_123_3_all-16,39.0824
UID_51_123_4_all-12,30.4879
UID_51_123_5_all-7,56.4364
UID_51_123_6_all-4,103.385
UID_51_123_7_all,87.4977
UID_51_123_8_all-8,67.7834
UID_51_125_1_all-14,26.3183
UID_51_125_2_all-17,28.4243
UID_51_125_3_all-19,33.0182
UID_51_126_1_all-39,49.8481
UID_51_126_2_all-31,45.6802
UID_51_126_3_all-28,50.7578
UID_51_126_4_all-15,39.5989
UID_51_127_1_all-16,29.1496
UID_51_127_2_all-22,159.992
UID_51_127_3_all-4,136.75
UID_51_127_4_all-27,32.0951
UID_51_127_5_all-21,30.1487
UID_51_127_6_all-34,31.593
UID_51_127_7_all-14,30.5449
UID_51_127_8_all-30,30.9524
UID_51_127_9_all-17,43.9885
UID_51_128_1_all-40,111.669
UID_51_128_2_all-30,67.6243
UID_51_129_1_all-17,40.502
UID_51_12_1_all-20,23.8653
UID_51_12_2_all-19,26.2861
UID_51_130_1_all-16,17.4711
UID_51_130_2_all-24,45.5936
UID_51_130_3_all-32,41.3914
UID_51_131_10_all-8,38.5261
UID_51_131_1_all-3,41.6691
UID_51_131_2_all-24,35.1054
UID_51_131_3_all-15,42.435
UID_51_131_4_all-34,51.5265
UID_51_131_5_all-11,55.5263
UID_51_131_6_all-39,44.6714
UID_51_131_7_all-14,39.5486
UID_51_131_8_all-28,47.6378
UID_51_131_9_all-18,34.1696
UID_51_132_1_all-22,43.0641
UID_51_132_2_all-18,125.974
UID_51_132_3_all-30,37.5779
UID_51_132_4_all-17,28.7611
UID_51_132_5_all-33,33.9228
UID_51_133_1_all-33,86.306
UID_51_134_1_all-27,32.9045
UID_51_134_2_all-2,31.7069
UID_51_135_1_all-11,31.987
UID_51_135_2_all-28,29.9507
UID_51_135_3_all-21,41.2093
UID_51_135_4_all-29,25.5605
UID_51_135_5_all-25,25.8657
UID_51_136_1_all-29,97.4156
UID_51_137_1_all-23,41.5626
UID_51_137_2_all-20,28.4231
UID_51_137_3_all-29,33.6933
UID_51_137_4_all-27,25.2565
UID_51_137_5_all-30,34.1821
UID_51_138_1_all-27,3032.38
UID_51_138_2_all-13,76.6489
UID_51_139_1_all-18,25.0452
UID_51_13_10_all-9,44.9194
UID_51_13_1_all-27,53.1668
UID_51_13_2_all-8,48.3334
UID_51_13_3_all-17,177.712
UID_51_13_4_all-23,33.4362
UID_51_13_5_all-6,74.8073
UID_51_13_6_all-5,1631.53
UID_51_13_7_all-8,38.9891
UID_51_13_8_all-8,107.922
UID_51_13_9_all-13,71.0398
UID_51_140_1_all-26,23.6288
UID_51_140_2_all-26,238.583
UID_51_140_3_all-36,40.4851
UID_51_141_1_all-24,115.047
UID_51_141_2_all-33,114.97
UID_51_141_3_all-27,42.179
UID_51_141_4_all-14,63.4215
UID_51_141_5_all-25,67.7706
UID_51_141_6_all-28,45.8983
UID_51_141_7_all-9,45.1599
UID_51_141_8_all-23,181.342
UID_51_141_9_all-10,3348.15
UID_51_142_1_all-25,31.7708
UID_51_142_2_all-32,46.3716
UID_51_142_3_all-14,29.0596
UID_51_142_4_all-23,66.9726
UID_51_143_1_all-22,392.504
UID_51_143_2_all-28,68.0837
UID_51_143_3_all-39,80.105
UID_51_143_4_all-34,58.0354
UID_51_143_5_all-43,81.977
UID_51_143_6_all-24,439.923
UID_51_144_1_all-17,49.585
UID_51_145_1_all-2,83.4012
UID_51_145_2_all-19,44.7042
UID_51_145_3_all-31,36.4645
UID_51_145_4_all-4,27.7581
UID_51_145_5_all-18,34.8538
UID_51_146_1_all-37,76.2968
UID_51_146_2_all-12,52.3445
UID_51_146_3_all-18,31.5137
UID_51_146_4_all-25,45.5384
UID_51_146_5_all-31,40.6985
UID_51_146_6_all-41,72.765
UID_51_146_7_all-21,49.2305
UID_51_146_8_all-17,35.033
UID_51_147_1_all-12,53.2998
UID_51_147_2_all-19,39.6281
UID_51_147_3_all-30,136.386
UID_51_147_4_all-33,61.4709
UID_51_147_5_all-26,32.5205
UID_51_147_6_all-16,346.754
UID_51_148_1_all-8,90.8326
UID_51_148_2_all-21,53.7677
UID_51_148_3_all,68.1076
UID_51_148_4_all-5,64.6694
UID_51_148_5_all-2,79.6806
UID_51_148_6_all-21,35.8913
UID_51_148_7_all-23,102.527
UID_51_14_1_all-32,45.2265
UID_51_14_2_all-24,158.913
UID_51_14_3_all-17,514.738
UID_51_14_4_all-2,225.789
UID_51_14_5_all-23,38.1356
UID_51_14_6_all-13,121.665
UID_51_14_7_all-22,44.2579
UID_51_14_8_all-43,40.6926
UID_51_150_1_all-22,49.1002
UID_51_150_2_all-30,239.867
UID_51_150_3_all-27,38.8694
UID_51_150_4_all-18,32.6183
UID_51_150_5_all-20,25.0187
UID_51_150_6_all-19,40.7659
UID_51_151_1_all-48,56.508
UID_51_151_2_all-25,62.245
UID_51_151_3_all-24,36.8627
UID_51_151_4_all-33,61.6208
UID_51_152_1_all-24,88.3598
UID_51_152_2_all-25,40.6538
UID_51_152_3_all-16,105.542
UID_51_152_4_all-20,19.2286
UID_51_152_5_all-11,24.8596
UID_51_153_1_all-27,53.4932
UID_51_153_2_all-18,43.2275
UID_51_153_3_all-29,123.873
UID_51_153_4_all-21,67.8407
UID_51_153_5_all-31,47.8157
UID_51_153_6_all-15,176.966
UID_51_154_1_all-10,212.233
UID_51_155_1_all-9,22.8149
UID_51_156_1_all-17,41.5673
UID_51_156_2_all-19,44.21
UID_51_156_3_all-10,333.839
UID_51_156_4_all-27,31.7678
UID_51_156_5_all-18,31.2352
UID_51_157_1_all-20,58.3281
UID_51_157_2_all-25,58.4448
UID_51_157_3_all-18,25.4928
UID_51_157_4_all-14,53.3329
UID_51_157_5_all-14,79.8253
UID_51_158_1_all-24,46.588
UID_51_158_2_all-37,59.6589
UID_51_158_3_all-39,56.6469
UID_51_158_4_all-30,67.9022
UID_51_158_5_all-27,54.4619
UID_51_159_1_all-4,207.838
UID_51_15_1_all-11,54.2944
UID_51_15_2_all-14,44.2053
UID_51_160_1_all-24,42.1429
UID_51_161_10_all-27,249.575
UID_51_161_11_all-13,73.9048
UID_51_161_12_all-28,49.0076
UID_51_161_13_all-9,48.6244
UID_51_161_14_all-9,57.0236
UID_51_161_1_all-16,66.7038
UID_51_161_2_all-24,60.8077
UID_51_161_3_all-16,49.7373
UID_51_161_4_all-24,62.0228
UID_51_161_5_all-22,45.5074
UID_51_161_6_all-28,62.1738
UID_51_161_7_all-12,58.1647
UID_51_161_8_all-32,61.4607
UID_51_161_9_all-29,55.1242
UID_51_162_1_all-11,50.8808
UID_51_162_2_all-16,45.6988
UID_51_163_1_all-7,48.2994
UID_51_163_2_all-23,50.4797
UID_51_164_1_all-5,58.3114
UID_51_164_2_all-7,24.2888
UID_51_164_3_all-2,23.6612
UID_51_165_1_all-13,34.0281
UID_51_165_2_all-16,34.8087
UID_51_166_1_all-5,35.225
UID_51_166_2_all-21,32.6843
UID_51_166_3_all-19,34.7731
UID_51_166_4_all-19,64.6545
UID_51_166_5_all-18,72.5919
UID_51_166_6_all-35,251.376
UID_51_166_7_all-23,44.3723
UID_51_166_8_all-13,35.5109
UID_51_166_9_all-12,126.948
UID_51_167_10_all-15,81.7923
UID_51_167_11_all-14,31.4453
UID_51_167_12_all-24,32.2374
UID_51_167_13_all-19,38.4152
UID_51_167_14_all-10,30.3119
UID_51_167_15_all-6,66.6694
UID_51_167_16_all-22,30.5259
UID_51_167_17_all-8,422.758
UID_51_167_1_all-18,41.7052
UID_51_167_2_all-19,24.79
UID_51_167_3_all-20,58.9621
UID_51_167_4_all-10,105.444
UID_51_167_5_all-19,213.824
UID_51_167_6_all-13,40.7771
UID_51_167_7_all-25,34.7448
UID_51_167_8_all-19,80.5853
UID_51_167_9_all-19,246.173
UID_51_168_1_all-40,77.4039
UID_51_168_2_all-13,49.7889
UID_51_168_3_all-23,181.567
UID_51_169_1_all-11,302.255
UID_51_16_1_all-18,32.9875
UID_51_170_1_all-19,27.4859
UID_51_170_2_all-27,47.6004
UID_51_171_1_all-17,66.4643
UID_51_171_2_all-20,46.8667
UID_51_171_3_all-42,36.7172
UID_51_171_4_all-29,66.0863
UID_51_172_1_all-25,78.6299
UID_51_172_2_all-20,56.9738
UID_51_173_1_all,66.5332
UID_51_174_1_all-30,26.861
UID_51_174_2_all-29,26.1165
UID_51_175_1_all-3,34.9972
UID_51_175_2_all-5,135.746
UID_51_176_1_all-15,55.6377
UID_51_177_1_all-6,47.5935
UID_51_178_1_all-27,30.5383
UID_51_178_2_all-17,31.6354
UID_51_178_3_all-18,30.4127
UID_51_179_1_all-9,56.7242
UID_51_17_1_all-24,27.122
UID_51_17_2_all-33,35.862
UID_51_17_3_all-25,31.1983
UID_51_17_4_all-29,41.3887
UID_51_17_5_all-14,33.1748
UID_51_17_6_all-24,24.479
UID_51_180_1_all-2,167.935
UID_51_180_2_all-26,34.3873
UID_51_18_1_all-26,44.0302
UID_51_18_2_all-30,35.4265
UID_51_18_3_all-22,77.5107
UID_51_18_4_all-39,75.3091
UID_51_19_1_all-12,142.641
UID_51_19_2_all-10,142.446
UID_51_19_3_all-19,136.099
UID_51_19_4_all-49,82.4746
UID_51_19_5_all-14,60.4854
UID_51_19_6_all-34,49.7385
UID_51_19_7_all-39,96.9014
UID_51_1_1_all-9,43.106
UID_51_1_2_all-35,33.9925
UID_51_1_3_all-18,28.0526
UID_51_1_4_all-23,25.6359
UID_51_21_1_all-40,32.2451
UID_51_21_2_all-9,49.6993
UID_51_22_1_all-26,47.5149
UID_51_22_2_all-16,28.9583
UID_51_22_3_all-20,29.289
UID_51_22_4_all-16,47.0252
UID_51_22_5_all-24,42.1035
UID_51_22_6_all-20,27.7593
UID_51_23_1_all-21,36.8447
UID_51_23_2_all-14,66.9175
UID_51_23_3_all-24,34.9294
UID_51_23_4_all-19,39.3665
UID_51_24_1_all-34,193.818
UID_51_24_2_all-9,42.6584
UID_51_25_1_all-3,39.8506
UID_51_26_1_all-35,23.5185
UID_51_26_2_all-15,23.1749
UID_51_26_3_all-14,59.0051
UID_51_26_4_all-16,32.4388
UID_51_26_5_all-25,30.2694
UID_51_27_1_all-4,50.6004
UID_51_27_2_all-21,36.6718
UID_51_27_3_all-10,24.5524
UID_51_27_4_all-27,26.2491
UID_51_27_5_all-18,26.7619
UID_51_28_1_all-27,58.8792
UID_51_28_2_all-14,37.5159
UID_51_28_3_all-18,40.8473
UID_51_29_1_all-38,514.412
UID_51_29_2_all-34,432.085
UID_51_2_1_all-17,24.0798
UID_51_2_2_all-19,29.7317
UID_51_2_3_all-27,22.2639
UID_51_2_4_all-24,30.026
UID_51_30_1_all-12,45.3718
UID_51_30_2_all-13,270.031
UID_51_30_3_all-9,179.376
UID_51_31_1_all-13,36.6111
UID_51_31_2_all-13,34.6487
UID_51_32_1_all-30,49.9493
UID_51_33_1_all-26,47.1419
UID_51_33_2_all-23,236.608
UID_51_33_3_all-31,60.0716
UID_51_33_4_all-20,54.5877
UID_51_33_5_all-25,40.4512
UID_51_34_1_all-5,238.886
UID_51_34_2_all-6,40.6622
UID_51_34_3_all-28,59.2474
UID_51_35_1_all-10,183.1
UID_51_36_1_all-28,30.8199
UID_51_36_2_all-8,23.6056
UID_51_37_1_all-15,29.3522
UID_51_37_2_all-20,29.3204
UID_51_37_3_all-12,183.828
UID_51_37_4_all-25,29.7211
UID_51_37_5_all-19,58.1948
UID_51_37_6_all-17,43.0937
UID_51_37_7_all-21,723.635
UID_51_38_1_all-33,46.0405
UID_51_38_2_all-31,57.5294
UID_51_38_3_all-38,78.8827
UID_51_39_1_all-14,42.9856
UID_51_39_2_all-35,49.5196
UID_51_39_3_all-41,53.1207
UID_51_39_4_all-21,56.7858
UID_51_3_1_all-4,54.5944
UID_51_3_2_all-9,51.2571
UID_51_3_3_all-4,63.005
UID_51_3_4_all-30,52.2405
UID_51_3_5_all-17,37.3069
UID_51_40_1_all-11,26.4012
UID_51_40_2_all-7,38.3412
UID_51_41_1_all-20,66.6211
UID_51_41_2_all-20,95.624
UID_51_41_3_all-13,42.6467
UID_51_41_4_all-10,29.078
UID_51_41_5_all-25,30.2102
UID_51_42_1_all-19,28.8555
UID_51_42_2_all-19,36.785
UID_51_42_3_all-17,31.763
UID_51_43_1_all-31,26.9655
UID_51_43_2_all-18,43.1812
UID_51_43_3_all-18,44.0623
UID_51_43_4_all-13,36.1806
UID_51_43_5_all-42,45.5343
UID_51_43_6_all-22,38.406
UID_51_43_7_all-18,58.0141
UID_51_43_8_all-4,42.7873
UID_51_44_1_all-24,71.5644
UID_51_44_2_all-29,134.386
UID_51_44_3_all-8,63.7022
UID_51_44_4_all-18,50.4116
UID_51_44_5_all-10,39.0656
UID_51_44_6_all,86.8888
UID_51_44_7_all-24,36.2866
UID_51_44_8_all,84.6428
UID_51_46_1_all-37,55.5664
UID_51_46_2_all-23,59.4709
UID_51_46_3_all-31,37.793
UID_51_46_4_all-20,39.7457
UID_51_46_5_all-25,41.2811
UID_51_46_6_all-40,45.2396
UID_51_46_7_all-36,75.9432
UID_51_47_1_all-16,34.3327
UID_51_47_2_all-19,29.2502
UID_51_47_3_all-12,33.8341
UID_51_47_4_all-12,35.2628
UID_51_47_5_all-22,24.2584
UID_51_47_6_all-15,34.2049
UID_51_48_10_all-37,55.7096
UID_51_48_11_all-14,274.818
UID_51_48_12_all-31,45.1747
UID_51_48_13_all-32,128.042
UID_51_48_14_all-9,53.0428
UID_51_48_1_all-19,36.0386
UID_51_48_2_all-12,41.9534
UID_51_48_3_all-32,60.4118
UID_51_48_4_all-5,128.047
UID_51_48_5_all-46,69.1872
UID_51_48_6_all-30,45.826
UID_51_48_7_all-28,46.4152
UID_51_48_8_all-15,62.624
UID_51_48_9_all-6,8.93882
UID_51_49_1_all-6,43.4518
UID_51_49_2_all-3,46.7556
UID_51_49_3_all-8,38.2433
UID_51_4_10_all-14,35.9328
UID_51_4_11_all-15,47.3739
UID_51_4_12_all-17,34.9627
UID_51_4_13_all-6,110.448
UID_51_4_14_all-17,44.8468
UID_51_4_15_all-32,77.4695
UID_51_4_1_all-8,41.0111
UID_51_4_2_all-9,30.2688
UID_51_4_3_all-8,37.0161
UID_51_4_4_all-17,50.7828
UID_51_4_5_all-24,55.5515
UID_51_4_6_all-30,37.8611
UID_51_4_7_all-16,40.5101
UID_51_4_8_all-25,55.5503
UID_51_4_9_all-20,61.7391
UID_51_50_1_all-6,60.5436
UID_51_50_2_all-14,30.5192
UID_51_51_1_all-23,42.8738
UID_51_51_2_all-32,60.2292
UID_51_51_3_all-19,64.7199
UID_51_51_4_all-24,71.8054
UID_51_51_5_all-15,48.0782
UID_51_51_6_all-20,55.1226
UID_51_52_1_all-21,60.9561
UID_51_52_2_all-19,38.2925
UID_51_52_3_all-18,30.4092
UID_51_52_4_all-25,29.3524
UID_51_53_1_all-19,31.1928
UID_51_53_2_all-18,71.2559
UID_51_53_3_all-3,34.3085
UID_51_54_1_all-22,37.9154
UID_51_55_1_all-4,81.6025
UID_51_56_1_all-13,50.3167
UID_51_56_2_all-20,56.4686
UID_51_56_3_all-20,33.8771
UID_51_56_4_all-16,40.029
UID_51_56_5_all-15,39.322
UID_51_56_6_all-22,41.8807
UID_51_56_7_all-8,75.4743
UID_51_57_1_all-14,29.7773
UID_51_57_2_all-16,33.8197
UID_51_57_3_all-29,58.2986
UID_51_57_4_all-12,27.1228
UID_51_57_5_all-13,35.3711
UID_51_57_6_all-27,38.8107
UID_51_57_7_all-12,28.2166
UID_51_58_1_all-13,210.012
UID_51_58_2_all-31,64.0994
UID_51_59_1_all-16,29.4399
UID_51_59_2_all-17,171.296
UID_51_5_1_all-12,113.495
UID_51_5_2_all-15,54.7345
UID_51_5_3_all-7,110.89
UID_51_5_4_all-28,44.0691
UID_51_5_5_all-11,55.8315
UID_51_5_6_all-13,20.8872
UID_51_60_1_all-28,34.5152
UID_51_61_1_all-19,39.7447
UID_51_61_2_all-7,33.1711
UID_51_61_3_all-36,61.3598
UID_51_61_4_all-38,87.2948
UID_51_61_5_all-16,47.62
UID_51_61_6_all-26,976.359
UID_51_61_7_all-25,47.5775
UID_51_61_8_all-29,53.603
UID_51_61_9_all-19,47.0378
UID_51_62_1_all-4,130.518
UID_51_62_2_all-16,40.8031
UID_51_62_3_all-4,65.7685
UID_51_63_1_all-3,90.4173
UID_51_63_2_all-12,64.9769
UID_51_63_3_all-18,63.026
UID_51_63_4_all-5,76.7318
UID_51_63_5_all-11,156.898
UID_51_63_6_all-26,39.4847
UID_51_63_7_all,55.0692
UID_51_64_1_all-6,23.913
UID_51_65_1_all-13,64.1973
UID_51_65_2_all-27,29.9163
UID_51_66_1_all-19,50.5679
UID_51_66_2_all-31,43.027
UID_51_66_3_all-27,183.755
UID_51_66_4_all-28,41.2651
UID_51_67_1_all-12,62.8324
UID_51_67_2_all-18,57.9779
UID_51_68_1_all-3,38.1886
UID_51_68_2_all-2,94.9982
UID_51_68_3_all-16,47.9952
UID_51_68_4_all-3,40.3436
UID_51_68_5_all-5,68.7493
UID_51_68_6_all-3,224.746
UID_51_68_7_all-3,104.891
UID_51_69_1_all-9,54.7912
UID_51_69_2_all-15,25.1913
UID_51_6_1_all-17,30.4199
UID_51_6_2_all-24,42.2025
UID_51_70_1_all-17,63.9831
UID_51_70_2_all-15,25.6094
UID_51_71_1_all-4,88.3207
UID_51_71_2_all-19,41.8534
UID_51_72_1_all-14,53.6579
UID_51_72_2_all-21,29.8272
UID_51_72_3_all-25,26.8356
UID_51_72_4_all-17,24.49
UID_51_73_1_all-12,114.604
UID_51_73_2_all-16,383.727
UID_51_73_3_all,75.0329
UID_51_73_4_all-19,37.9801
UID_51_73_5_all-8,38.8587
UID_51_73_6_all-23,73.267
UID_51_74_1_all-11,40.1086
UID_51_75_1_all-14,33.4965
UID_51_75_2_all-17,56.769
UID_51_76_1_all-12,37.1664
UID_51_76_2_all-25,44.562
UID_51_76_3_all-44,49.4612
UID_51_76_4_all-22,38.6416
UID_51_76_5_all-25,222.317
UID_51_77_1_all-24,29.4202
UID_51_77_2_all-22,29.14
UID_51_77_3_all-19,38.0714
UID_51_77_4_all-12,37.9122
UID_51_77_5_all-17,77.5916
UID_51_77_6_all-19,32.8424
UID_51_78_1_all-17,66.3493
UID_51_78_2_all-7,51.4328
UID_51_78_3_all-14,41.3121
UID_51_78_4_all-9,76.8622
UID_51_78_5_all-8,68.0948
UID_51_78_6_all-15,299.487
UID_51_7_1_all-22,48.8418
UID_51_7_2_all-12,50.7197
UID_51_7_3_all-16,26.9023
UID_51_7_4_all-11,44.1331
UID_51_7_5_all-21,32.068
UID_51_7_6_all-17,47.7327
UID_51_7_7_all-12,123.981
UID_51_81_1_all-3,61.4663
UID_51_81_2_all-23,41.9742
UID_51_81_3_all-17,46.0676
UID_51_81_4_all-32,75.4309
UID_51_81_5_all-22,44.1047
UID_51_81_6_all-26,49.2582
UID_51_81_7_all-38,63.2684
UID_51_81_8_all-6,42.4637
UID_51_82_1_all-33,28.5197
UID_51_82_2_all-13,30.4075
UID_51_82_3_all-26,28.8214
UID_51_82_4_all-10,45.0967
UID_51_82_5_all-32,26.5306
UID_51_83_1_all-24,67.8322
UID_51_83_2_all-9,65.0067
UID_51_83_3_all-12,323.538
UID_51_83_4_all-7,43.3556
UID_51_83_5_all-16,53.1469
UID_51_83_6_all-11,47.1617
UID_51_84_1_all-17,35.9186
UID_51_85_1_all-2,138.575
UID_51_85_2_all,55.4951
UID_51_85_3_all,106.239
UID_51_86_1_all-15,27.0987
UID_51_86_2_all-17,47.2833
UID_51_87_1_all-14,55.527
UID_51_87_2_all-30,19.8657
UID_51_87_3_all-18,32.3605
UID_51_87_4_all-15,27.1733
UID_51_87_5_all-14,33.4214
UID_51_87_6_all-20,204.658
UID_51_87_7_all-18,162.957
UID_51_88_1_all-23,51.6385
UID_51_88_2_all-21,91.256
UID_51_88_3_all-14,50.1444
UID_51_88_4_all-5,80.0221
UID_51_88_5_all-24,78.3576
UID_51_88_6_all-23,62.6779
UID_51_88_7_all-12,67.8062
UID_51_88_8_all-23,37.0671
UID_51_88_9_all-32,60.89
UID_51_89_1_all,51.0848
UID_51_8_10_all-15,98.1853
UID_51_8_1_all-14,228.403
UID_51_8_2_all-24,32.379
UID_51_8_3_all-17,55.1199
UID_51_8_4_all-21,43.5496
UID_51_8_5_all-36,46.8431
UID_51_8_6_all-25,38.6274
UID_51_8_7_all-17,50.6025
UID_51_8_8_all-34,41.5494
UID_51_8_9_all-14,49.6041
UID_51_90_1_all-29,25.7012
UID_51_90_2_all-25,44.9604
UID_51_91_1_all-22,60.9599
UID_51_91_2_all-34,60.2264
UID_51_91_3_all-29,51.9867
UID_51_91_4_all-42,70.3848
UID_51_92_1_all-31,29.9719
UID_51_92_2_all-14,24.1619
UID_51_93_1_all-32,86.1134
UID_51_93_2_all-15,42.4363
UID_51_93_3_all-40,49.2638
UID_51_93_4_all-34,38.6019
UID_51_93_5_all-17,560.825
UID_51_94_1_all-9,52.3176
UID_51_94_2_all-7,76.0973
UID_51_96_10_all-23,40.9707
UID_51_96_11_all-20,37.1769
UID_51_96_1_all-27,63.2934
UID_51_96_2_all-23,62.0763
UID_51_96_3_all-17,42.683
UID_51_96_4_all-26,47.9759
UID_51_96_5_all-17,45.7042
UID_51_96_6_all-24,56.7867
UID_51_96_7_all-13,44.7484
UID_51_96_8_all-30,64.015
UID_51_96_9_all-24,65.2308
UID_51_97_1_all-29,39.4829
UID_51_97_2_all-19,45.7921
UID_51_97_3_all-25,48.5571
UID_51_97_4_all-24,28.8189
UID_51_97_5_all-20,32.4776
UID_51_97_6_all-9,45.8351
UID_51_97_7_all-31,28.4107
UID_51_97_8_all-26,51.9588
UID_51_98_10_all-5,52.1016
UID_51_98_11_all-6,49.0741
UID_51_98_1_all-16,301.414
UID_51_98_2_all-11,816.807
UID_51_98_3_all-11,207.883
UID_51_98_4_all-8,44.3913
UID_51_98_5_all-7,97.7448
UID_51_98_6_all-22,45.8073
UID_51_98_7_all-9,60.4282
UID_51_98_8_all-9,52.7672
UID_51_98_9_all-25,40.5904
UID_51_99_1_all-9,120.888
UID_51_9_10_all-9,50.9703
UID_51_9_11_all-12,40.712
UID_51_9_12_all-15,50.6741
UID_51_9_1_all-19,52.8267
UID_51_9_2_all-16,50.1753
UID_51_9_3_all-5,46.7519
UID_51_9_4_all-21,47.1395
UID_51_9_5_all-12,195.686
UID_51_9_6_all-10,124.169
UID_51_9_7_all-7,65.7243
UID_51_9_8_all-19,39.1298
UID_51_9_9_all-18,62.2752
UID_H10_100_1_hem-10,28.6875
UID_H10_100_2_hem-11,20.2103
UID_H10_100_3_hem-7,32.4042
UID_H10_100_4_hem-18,32.4413
UID_H10_101_1_hem-12,24.6138
UID_H10_102_1_hem-3,24.7325
UID_H10_102_2_hem-7,41.5332
UID_H10_102_3_hem-5,28.3778
UID_H10_102_4_hem-15,27.3106
UID_H10_102_5_hem-9,25.7145
UID_H10_102_6_hem-8,27.8876
UID_H10_103_1_hem-5,22.7001
UID_H10_103_2_hem-9,25.9534
UID_H10_103_3_hem-5,31.6018
UID_H10_103_4_hem-3,38.3123
UID_H10_103_5_hem-3,26.9442
UID_H10_103_6_hem-7,26.6243
UID_H10_103_7_hem-5,67.1403
UID_H10_103_8_hem-6,23.5202
UID_H10_104_1_hem-9,26.4922
UID_H10_105_1_hem-11,28.1376
UID_H10_105_2_hem-7,25.9948
UID_H10_105_3_hem-3,34.0012
UID_H10_105_4_hem-2,27.8314
UID_H10_106_1_hem-7,47.2885
UID_H10_107_1_hem,56.5775
UID_H10_107_2_hem-3,25.7425
UID_H10_107_3_hem-8,43.0292
UID_H10_108_1_hem-13,30.1271
UID_H10_108_2_hem-5,25.0083
UID_H10_108_3_hem-12,29.5121
UID_H10_108_4_hem-6,29.3679
UID_H10_108_5_hem-4,20.8124
UID_H10_108_6_hem-8,26.2905
UID_H10_109_1_hem-5,25.4055
UID_H10_109_2_hem-21,22.1095
UID_H10_10_1_hem-24,30.4003
UID_H10_10_2_hem-15,10789.9
UID_H10_10_3_hem-5,29.8506
UID_H10_110_1_hem-9,31.7109
UID_H10_111_1_hem-26,26.2952
UID_H10_112_1_hem-13,75.1781
UID_H10_112_2_hem-3,40.6984
UID_H10_114_1_hem-14,24.2585
UID_H10_115_1_hem-7,49.5616
UID_H10_115_2_hem-8,52.3703
UID_H10_116_1_hem-4,102.258
UID_H10_116_2_hem-17,44.1924
UID_H10_116_3_hem-13,23.4887
UID_H10_116_4_hem-12,122.741
UID_H10_117_1_hem-11,26.8188
UID_H10_117_2_hem-18,20.5654
UID_H10_117_3_hem-2,20.6454
UID_H10_118_1_hem-7,21.3856
UID_H10_118_2_hem-11,21.3479
UID_H10_119_1_hem-14,31.2929
UID_H10_119_2_hem-9,30.9386
UID_H10_119_3_hem-2,27.467
UID_H10_11_1_hem-7,24.8568
UID_H10_11_2_hem-16,25.6825
UID_H10_120_1_hem-8,29.6322
UID_H10_120_2_hem-10,25.9346
UID_H10_120_3_hem-3,22.5199
UID_H10_120_4_hem-2,24.279
UID_H10_121_1_hem-11,24.4833
UID_H10_121_2_hem-6,27.6714
UID_H10_122_1_hem-10,26.0886
UID_H10_123_1_hem-3,28.1466
UID_H10_124_1_hem-2,20.7694
UID_H10_124_2_hem-4,43.0166
UID_H10_124_3_hem-4,22.2492
UID_H10_124_4_hem-2,27.3699
UID_H10_125_1_hem-4,29.3159
UID_H10_125_2_hem-12,28.4998
UID_H10_126_1_hem-13,31.3662
UID_H10_126_2_hem-8,31.9745
UID_H10_126_3_hem-9,23.7088
UID_H10_126_4_hem-4,25.7732
UID_H10_127_1_hem-5,28.4608
UID_H10_127_2_hem-17,22.538
UID_H10_127_3_hem-12,30.0717
UID_H10_127_4_hem-6,28.3112
UID_H10_127_5_hem-3,32.9947
UID_H10_127_6_hem-14,25.2621
UID_H10_128_1_hem-14,27.1687
UID_H10_128_2_hem-15,25.8263
UID_H10_128_3_hem-3,31.8342
UID_H10_129_1_hem-2,26.1374
UID_H10_129_2_hem-9,30.2197
UID_H10_129_3_hem-20,106.936
UID_H10_129_4_hem-11,30.0466
UID_H10_12_1_hem-5,34.3608
UID_H10_12_2_hem-2,46.4276
UID_H10_12_3_hem-28,269.949
UID_H10_130_1_hem-6,56.5074
UID_H10_130_2_hem-13,26.8687
UID_H10_131_1_hem-2,27.5708
UID_H10_131_2_hem-6,28.5214
UID_H10_132_1_hem-7,31.2765
UID_H10_132_2_hem-4,31.683
UID_H10_132_3_hem-2,27.7346
UID_H10_132_4_hem-5,30.8627
UID_H10_132_5_hem-3,23.4263
UID_H10_132_6_hem-11,24.067
UID_H10_132_7_hem-2,23.8485
UID_H10_133_1_hem-7,35.0943
UID_H10_133_2_hem-7,25.2871
UID_H10_134_1_hem-13,45.0164
UID_H10_134_2_hem-16,21.4101
UID_H10_135_1_hem-3,29.9619
UID_H10_135_2_hem-6,20.7502
UID_H10_136_1_hem-34,38.2929
UID_H10_136_2_hem-2,23.518
UID_H10_136_3_hem-4,29.009
UID_H10_137_1_hem-4,25.6854
UID_H10_137_2_hem-14,24.5321
UID_H10_138_1_hem-7,28.2723
UID_H10_138_2_hem-2,23.4424
UID_H10_138_3_hem-8,26.5703
UID_H10_138_4_hem-6,33.0822
UID_H10_139_1_hem-15,21.9193
UID_H10_139_2_hem-8,27.3776
UID_H10_139_3_hem-4,35.5879
UID_H10_13_1_hem-12,52.8749
UID_H10_13_2_hem,93.1189
UID_H10_140_1_hem-15,27.6165
UID_H10_141_1_hem-17,27.003
UID_H10_141_2_hem-20,28.6367
UID_H10_141_3_hem-13,25.6533
UID_H10_142_1_hem-2,29.4109
UID_H10_142_2_hem-16,29.5229
UID_H10_142_3_hem-22,26.4627
UID_H10_143_1_hem-6,27.1609
UID_H10_144_1_hem-2,35.7124
UID_H10_144_2_hem-2,24.0002
UID_H10_144_3_hem-11,21.6925
UID_H10_144_4_hem-17,24.4672
UID_H10_145_1_hem-6,165.641
UID_H10_145_2_hem-17,24.5884
UID_H10_146_1_hem-17,39.3432
UID_H10_146_2_hem-15,28.0967
UID_H10_147_1_hem-10,26.6872
UID_H10_147_2_hem-15,27.096
UID_H10_148_1_hem-13,25.8567
UID_H10_148_2_hem-6,84.8538
UID_H10_148_3_hem-8,27.8853
UID_H10_149_1_hem-2,24.5155
UID_H10_149_2_hem-4,26.935
UID_H10_149_3_hem-9,30.5977
UID_H10_14_1_hem-15,41.1679
UID_H10_14_2_hem-8,23.2597
UID_H10_150_1_hem-17,29.904
UID_H10_151_1_hem-14,23.254
UID_H10_152_1_hem-16,27.4788
UID_H10_152_2_hem-17,25.0087
UID_H10_152_3_hem-10,28.4983
UID_H10_153_1_hem-2,23.5854
UID_H10_153_2_hem-15,24.4786
UID_H10_154_1_hem-21,148.236
UID_H10_154_2_hem-10,162.993
UID_H10_154_3_hem-12,80.3137
UID_H10_154_4_hem-4,31.7573
UID_H10_154_5_hem-2,24.1994
UID_H10_155_1_hem-10,24.1675
UID_H10_155_2_hem-2,36.0038
UID_H10_155_3_hem-4,26.6823
UID_H10_155_4_hem-7,28.4541
UID_H10_156_1_hem-4,24.2875
UID_H10_156_2_hem-7,30.9307
UID_H10_156_3_hem-10,26.3173
UID_H10_156_4_hem-8,26.1994
UID_H10_156_5_hem-4,27.4016
UID_H10_156_6_hem-21,34.4856
UID_H10_157_1_hem-12,34.4333
UID_H10_157_2_hem-9,29.2461
UID_H10_158_1_hem-15,30.0847
UID_H10_159_1_hem-2,32.2472
UID_H10_159_2_hem-3,27.199
UID_H10_159_3_hem-16,25.993
UID_H10_15_1_hem-4,41.8002
UID_H10_160_1_hem-12,25.2089
UID_H10_161_1_hem-11,25.2928
UID_H10_162_1_hem-9,29.9904
UID_H10_162_2_hem-11,29.157
UID_H10_163_1_hem-6,56.5119
UID_H10_163_2_hem-13,26.8687
UID_H10_164_1_hem-2,28.928
UID_H10_164_2_hem-8,28.2594
UID_H10_165_1_hem-7,31.8896
UID_H10_165_2_hem-4,33.3823
UID_H10_165_3_hem-2,38.4941
UID_H10_165_4_hem-26,50.9762
UID_H10_165_5_hem-5,29.4581
UID_H10_165_6_hem-3,28.291
UID_H10_165_7_hem-11,24.3489
UID_H10_165_8_hem-2,23.7378
UID_H10_166_1_hem-7,35.7198
UID_H10_166_2_hem-7,26.4127
UID_H10_166_3_hem-7,26.0219
UID_H10_167_1_hem-13,43.6362
UID_H10_167_2_hem-16,20.2325
UID_H10_168_1_hem-3,29.9619
UID_H10_168_2_hem-6,20.7502
UID_H10_169_1_hem-34,37.7334
UID_H10_169_2_hem-2,26.4153
UID_H10_16_1_hem-24,36.2032
UID_H10_16_2_hem-17,35.737
UID_H10_170_1_hem-4,26.0744
UID_H10_170_2_hem-14,24.221
UID_H10_171_1_hem-7,26.3953
UID_H10_171_2_hem-2,23.0813
UID_H10_171_3_hem-16,26.3181
UID_H10_171_4_hem-6,33.0577
UID_H10_172_1_hem-9,22.599
UID_H10_172_2_hem-8,28.0349
UID_H10_172_3_hem-4,34.3642
UID_H10_173_1_hem-16,27.8706
UID_H10_174_1_hem-17,29.3912
UID_H10_174_2_hem-20,26.2236
UID_H10_174_3_hem-16,29.1718
UID_H10_175_1_hem-2,27.2946
UID_H10_175_2_hem-18,24.1655
UID_H10_175_3_hem-22,28.5802
UID_H10_176_1_hem-6,27.1609
UID_H10_177_1_hem-3,29.4589
UID_H10_177_2_hem-2,22.1259
UID_H10_177_3_hem-11,22.403
UID_H10_177_4_hem-17,24.5643
UID_H10_178_1_hem-7,158.776
UID_H10_178_2_hem-18,28.0831
UID_H10_179_1_hem-19,40.9735
UID_H10_179_2_hem-15,26.895
UID_H10_17_1_hem-14,45.9974
UID_H10_180_1_hem-10,23.3196
UID_H10_180_2_hem-17,29.6702
UID_H10_181_1_hem-11,29.6493
UID_H10_181_2_hem-4,30.3472
UID_H10_181_3_hem-6,29.6681
UID_H10_182_1_hem-2,25.3845
UID_H10_182_2_hem-4,25.2403
UID_H10_182_3_hem-9,31.1969
UID_H10_183_1_hem-17,30.3917
UID_H10_184_1_hem-14,22.8455
UID_H10_185_1_hem-16,27.5544
UID_H10_185_2_hem-17,25.0087
UID_H10_185_3_hem-10,28.6145
UID_H10_186_1_hem-15,28.6927
UID_H10_187_1_hem-15,121.105
UID_H10_187_2_hem-8,187.111
UID_H10_187_3_hem-12,77.7227
UID_H10_187_4_hem-5,30.1758
UID_H10_187_5_hem-2,25.3015
UID_H10_188_1_hem-10,24.468
UID_H10_188_2_hem-4,26.7561
UID_H10_188_3_hem-7,27.7259
UID_H10_189_1_hem-4,25.3387
UID_H10_189_2_hem-7,26.0121
UID_H10_189_3_hem-10,27.3467
UID_H10_189_4_hem-8,26.0235
UID_H10_189_5_hem-7,37.0674
UID_H10_189_6_hem-4,28.8088
UID_H10_189_7_hem-21,31.3696
UID_H10_18_1_hem-3,22.1302
UID_H10_190_1_hem-3,40.5951
UID_H10_190_2_hem-11,41.1173
UID_H10_190_3_hem-9,28.45
UID_H10_191_1_hem-16,29.8545
UID_H10_192_1_hem-3,24.8927
UID_H10_192_2_hem-21,24.8599
UID_H10_193_1_hem-12,26.7793
UID_H10_194_1_hem-11,28.0555
UID_H10_19_1_hem-11,27.1872
UID_H10_1_1_hem-25,37.7116
UID_H10_21_1_hem-18,35.041
UID_H10_23_1_hem-14,71.2589
UID_H10_24_1_hem-15,45.6823
UID_H10_25_1_hem-9,29.1802
UID_H10_26_1_hem-12,42.6805
UID_H10_27_1_hem-12,32.6354
UID_H10_28_1_hem-4,27.2264
UID_H10_28_2_hem-15,26.5456
UID_H10_29_1_hem-10,20.8533
UID_H10_2_1_hem-2,28.5066
UID_H10_30_1_hem-22,34.4189
UID_H10_31_1_hem-17,25.6994
UID_H10_32_1_hem-18,35.113
UID_H10_33_1_hem-21,49.2035
UID_H10_33_2_hem-4,45.8502
UID_H10_33_3_hem-23,36.6289
UID_H10_34_1_hem-7,26.4007
UID_H10_35_1_hem-16,32.2651
UID_H10_36_1_hem-14,25.8999
UID_H10_37_1_hem-18,29.7969
UID_H10_38_1_hem-16,22.9473
UID_H10_39_1_hem-13,34.8087
UID_H10_3_1_hem-8,37.9951
UID_H10_3_2_hem-2,30.0026
UID_H10_3_3_hem-3,35.8484
UID_H10_41_1_hem-14,33.4345
UID_H10_43_1_hem-4,27.1097
UID_H10_44_1_hem-4,29.4487
UID_H10_44_2_hem-28,29.6568
UID_H10_45_1_hem-17,23.482
UID_H10_46_1_hem-12,27.8794
UID_H10_47_1_hem-22,35.8596
UID_H10_47_2_hem-41,32.8181
UID_H10_48_1_hem-2,719.111
UID_H10_49_1_hem-7,20.6882
UID_H10_49_2_hem-2,28.2039
UID_H10_50_1_hem-27,32.6956
UID_H10_51_1_hem-10,38.0196
UID_H10_52_1_hem-29,21.7989
UID_H10_53_1_hem-29,36.0159
UID_H10_53_2_hem-30,56.6474
UID_H10_54_1_hem-28,28.3302
UID_H10_55_1_hem-27,25.702
UID_H10_56_1_hem-13,27.8354
UID_H10_57_1_hem-32,35.2291
UID_H10_58_1_hem-16,27.5213
UID_H10_5_1_hem-3,24.7672
UID_H10_60_1_hem-11,58.0055
UID_H10_61_1_hem-18,25.348
UID_H10_62_1_hem-20,24.4461
UID_H10_62_2_hem-29,26.2114
UID_H10_63_1_hem-23,20.6098
UID_H10_64_1_hem-27,219.175
UID_H10_64_2_hem-21,24.8799
UID_H10_65_1_hem-36,30.3258
UID_H10_65_2_hem-15,29.2606
UID_H10_65_3_hem-18,21.6477
UID_H10_66_1_hem-17,56.6281
UID_H10_67_1_hem-43,38.9972
UID_H10_68_1_hem-14,49.0425
UID_H10_6_1_hem-22,38.1812
UID_H10_6_2_hem-35,26.3149
UID_H10_70_1_hem-8,36.1404
UID_H10_71_1_hem-25,26.3095
UID_H10_72_1_hem-13,27.9175
UID_H10_73_1_hem-29,38.3943
UID_H10_74_1_hem-18,60.9239
UID_H10_75_1_hem-15,36.0613
UID_H10_75_2_hem-7,39.5179
UID_H10_76_1_hem-16,25.9685
UID_H10_76_2_hem-11,28.148
UID_H10_76_3_hem-10,53.1893
UID_H10_77_1_hem-3,47.1837
UID_H10_78_1_hem-18,70.5873
UID_H10_79_1_hem-5,25.8223
UID_H10_7_1_hem-10,26.7069
UID_H10_80_1_hem-11,25.3456
UID_H10_81_1_hem-24,116.65
UID_H10_81_2_hem-13,34.9506
UID_H10_82_1_hem-17,27.258
UID_H10_82_2_hem-7,28.6637
UID_H10_83_1_hem-7,24.2194
UID_H10_83_2_hem-3,23.875
UID_H10_84_1_hem-11,34.7483
UID_H10_85_1_hem-11,27.8681
UID_H10_85_2_hem-8,73.437
UID_H10_85_3_hem-7,40.7073
UID_H10_86_1_hem-2,37.959
UID_H10_86_2_hem-8,35.812
UID_H10_86_3_hem-3,34.233
UID_H10_86_4_hem-10,29.3201
UID_H10_87_1_hem-18,22.9281
UID_H10_88_1_hem-12,23.755
UID_H10_88_2_hem-20,49.9959
UID_H10_88_3_hem-10,24.6304
UID_H10_89_1_hem-9,195.595
UID_H10_89_2_hem-16,23.135
UID_H10_89_3_hem-10,23.6283
UID_H10_89_4_hem-13,23.0915
UID_H10_89_5_hem-14,24.7571
UID_H10_8_1_hem-11,28.5779
UID_H10_90_1_hem-18,39.7812
UID_H10_90_2_hem-10,27.7713
UID_H10_91_1_hem-7,23.498
UID_H10_91_2_hem-12,33.8463
UID_H10_91_3_hem-9,29.1063
UID_H10_91_4_hem-14,28.1353
UID_H10_91_5_hem-6,25.5423
UID_H10_91_6_hem-12,24.0906
UID_H10_92_1_hem-5,34.2094
UID_H10_92_2_hem-6,25.0423
UID_H10_92_3_hem-12,26.5341
UID_H10_93_1_hem-16,35.0651
UID_H10_93_2_hem-7,32.2316
UID_H10_93_3_hem-6,23.2
UID_H10_93_4_hem-14,34.6148
UID_H10_93_5_hem-8,23.8993
UID_H10_94_1_hem-18,27.6039
UID_H10_94_2_hem-9,36.1992
UID_H10_94_3_hem-15,27.395
UID_H10_95_1_hem-4,24.2162
UID_H10_96_1_hem-22,193.508
UID_H10_96_2_hem-9,26.6347
UID_H10_96_3_hem-10,27.177
UID_H10_96_4_hem-13,21.2067
UID_H10_97_1_hem-14,25.3309
UID_H10_97_2_hem-10,25.1224
UID_H10_97_3_hem-12,22.7186
UID_H10_97_4_hem-12,27.2552
UID_H10_98_1_hem-22,24.1959
UID_H10_99_1_hem-13,31.9208
UID_H10_9_1_hem-17,23.4082
UID_H14_10_1_hem-2,27.4527
UID_H14_10_2_hem-3,22.5412
UID_H14_10_3_hem-11,29.1851
UID_H14_10_4_hem-2,31.2815
UID_H14_11_10_hem-6,28.1645
UID_H14_11_1_hem-21,37.7419
UID_H14_11_2_hem-8,27.2733
UID_H14_11_3_hem-3,22.3713
UID_H14_11_4_hem-8,30.2302
UID_H14_11_5_hem-11,73.1052
UID_H14_11_6_hem-23,29.8023
UID_H14_11_7_hem-19,26.8578
UID_H14_11_8_hem-8,42.4259
UID_H14_11_9_hem-2,38.5023
UID_H14_12_1_hem-4,28.8587
UID_H14_12_2_hem-10,33.4612
UID_H14_12_3_hem-8,120.925
UID_H14_12_4_hem-5,28.0223
UID_H14_12_5_hem-2,23.633
UID_H14_12_6_hem-5,28.8467
UID_H14_12_7_hem-2,36.6085
UID_H14_12_8_hem-2,29.0063
UID_H14_13_1_hem-2,42.1979
UID_H14_13_2_hem-2,27.6839
UID_H14_13_3_hem-2,28.3084
UID_H14_13_4_hem-6,35.429
UID_H14_13_5_hem-14,24.7713
UID_H14_13_6_hem-10,30.2502
UID_H14_13_7_hem-15,23.3675
UID_H14_13_8_hem-5,26.4714
UID_H14_14_1_hem-15,32.2027
UID_H14_14_2_hem-3,25.9476
UID_H14_14_3_hem-9,28.898
UID_H14_14_4_hem-5,28.1328
UID_H14_14_5_hem-2,31.7043
UID_H14_14_6_hem-9,24.8038
UID_H14_14_7_hem-8,23.7264
UID_H14_14_8_hem-2,26.6618
UID_H14_14_9_hem-5,25.7577
UID_H14_15_10_hem-2,34.6594
UID_H14_15_11_hem-5,29.1345
UID_H14_15_12_hem-4,27.3737
UID_H14_15_13_hem-13,26.1637
UID_H14_15_14_hem-12,38.5432
UID_H14_15_1_hem-2,31.2334
UID_H14_15_2_hem-10,28.7061
UID_H14_15_3_hem-2,37.4568
UID_H14_15_4_hem-5,25.615
UID_H14_15_5_hem-15,22.4704
UID_H14_15_6_hem-11,30.2934
UID_H14_15_7_hem-11,25.5813
UID_H14_15_8_hem-9,26.8353
UID_H14_15_9_hem-2,32.5057
UID_H14_16_10_hem-6,27.5897
UID_H14_16_11_hem-8,27.1548
UID_H14_16_12_hem-13,30.8695
UID_H14_16_13_hem-6,23.882
UID_H14_16_14_hem-6,22.4779
UID_H14_16_1_hem-4,37.4475
UID_H14_16_2_hem-10,28.69
UID_H14_16_3_hem-9,31.5232
UID_H14_16_4_hem-2,47.0945
UID_H14_16_5_hem-12,27.9957
UID_H14_16_6_hem,51.0906
UID_H14_16_7_hem-16,58.8825
UID_H14_16_8_hem-9,50.7172
UID_H14_16_9_hem-7,26.5168
UID_H14_17_10_hem-13,23.8359
UID_H14_17_11_hem-2,36.9669
UID_H14_17_12_hem-3,25.6982
UID_H14_17_13_hem-13,28.7993
UID_H14_17_14_hem-10,30.7823
UID_H14_17_15_hem-2,88.3439
UID_H14_17_1_hem-8,76.9845
UID_H14_17_2_hem-6,102.298
UID_H14_17_3_hem-2,36.3952
UID_H14_17_4_hem-2,33.0008
UID_H14_17_5_hem-12,26.4594
UID_H14_17_6_hem-5,26.4431
UID_H14_17_7_hem-8,23.9025
UID_H14_17_8_hem-11,28.0434
UID_H14_17_9_hem-3,36.704
UID_H14_18_10_hem-7,193.631
UID_H14_18_11_hem-6,33.6838
UID_H14_18_12_hem-3,24.5207
UID_H14_18_13_hem-6,25.3123
UID_H14_18_14_hem-5,51.4191
UID_H14_18_15_hem-17,25.9088
UID_H14_18_1_hem-4,28.76
UID_H14_18_2_hem-12,28.9042
UID_H14_18_3_hem-6,21.9236
UID_H14_18_4_hem-5,30.4375
UID_H14_18_5_hem-9,21.4122
UID_H14_18_6_hem-13,46.6905
UID_H14_18_7_hem-25,26.1096
UID_H14_18_8_hem-2,28.1658
UID_H14_18_9_hem-4,34.4221
UID_H14_19_10_hem-5,32.1007
UID_H14_19_11_hem-2,30.3379
UID_H14_19_12_hem-14,29.6441
UID_H14_19_13_hem-10,30.5789
UID_H14_19_14_hem-9,26.2397
UID_H14_19_15_hem-13,26.4366
UID_H14_19_16_hem-5,25.6216
UID_H14_19_17_hem-11,18.1789
UID_H14_19_1_hem-9,55.9023
UID_H14_19_2_hem-2,27.0196
UID_H14_19_3_hem-9,42.6651
UID_H14_19_4_hem-16,29.0054
UID_H14_19_5_hem-3,50.6236
UID_H14_19_6_hem-10,36.2708
UID_H14_19_7_hem,82.6703
UID_H14_19_8_hem-8,22.256
UID_H14_19_9_hem-4,25.8207
UID_H14_1_10_hem-10,23.2685
UID_H14_1_1_hem-9,41.6196
UID_H14_1_2_hem-8,27.3104
UID_H14_1_3_hem-8,59.2614
UID_H14_1_4_hem-3,27.1507
UID_H14_1_5_hem-12,39.6361
UID_H14_1_6_hem-13,29.5173
UID_H14_1_7_hem-7,29.4265
UID_H14_1_8_hem-2,33.2721
UID_H14_1_9_hem-8,30.3258
UID_H14_20_10_hem-11,31.2047
UID_H14_20_11_hem-6,28.7454
UID_H14_20_12_hem-2,22.6443
UID_H14_20_13_hem-4,24.7482
UID_H14_20_1_hem-10,24.3588
UID_H14_20_2_hem-5,130.374
UID_H14_20_3_hem-6,167.023
UID_H14_20_4_hem-13,25.4922
UID_H14_20_5_hem-7,126.804
UID_H14_20_6_hem-4,24.084
UID_H14_20_7_hem-8,36.0545
UID_H14_20_8_hem-2,28.5234
UID_H14_20_9_hem-5,26.0115
UID_H14_21_10_hem-5,78.3691
UID_H14_21_1_hem-12,26.539
UID_H14_21_2_hem-8,27.9887
UID_H14_21_3_hem-16,27.4957
UID_H14_21_4_hem-7,25.8807
UID_H14_21_5_hem-7,81.5245
UID_H14_21_6_hem-4,35.0356
UID_H14_21_7_hem-6,23.6463
UID_H14_21_8_hem-7,27.0601
UID_H14_21_9_hem-4,130.933
UID_H14_22_10_hem-2,35.4132
UID_H14_22_11_hem-8,29.7497
UID_H14_22_1_hem-2,29.1019
UID_H14_22_2_hem-2,27.9074
UID_H14_22_3_hem-7,25.2933
UID_H14_22_4_hem-2,24.3844
UID_H14_22_5_hem-2,25.2188
UID_H14_22_6_hem-12,32.4081
UID_H14_22_7_hem-11,31.5875
UID_H14_22_8_hem-5,112.404
UID_H14_22_9_hem-2,65.3229
UID_H14_23_10_hem-10,73.3756
UID_H14_23_11_hem-6,33.2843
UID_H14_23_12_hem-9,20.0191
UID_H14_23_13_hem-11,29.775
UID_H14_23_14_hem-2,31.6694
UID_H14_23_1_hem-6,28.7983
UID_H14_23_2_hem-5,32.9993
UID_H14_23_3_hem-17,29.1062
UID_H14_23_4_hem-2,36.5913
UID_H14_23_5_hem-27,31.6052
UID_H14_23_6_hem-8,32.2315
UID_H14_23_7_hem-5,23.4203
UID_H14_23_8_hem-7,37.1081
UID_H14_23_9_hem-27,48.2904
UID_H14_24_10_hem-7,33.3571
UID_H14_24_11_hem-9,29.056
UID_H14_24_12_hem-5,26.9634
UID_H14_24_13_hem-17,26.1751
UID_H14_24_14_hem-7,25.3111
UID_H14_24_1_hem-3,26.8826
UID_H14_24_2_hem-5,25.5964
UID_H14_24_3_hem-7,23.3428
UID_H14_24_4_hem,40.2812
UID_H14_24_5_hem,45.5775
UID_H14_24_6_hem-7,30.5892
UID_H14_24_7_hem-2,90.4829
UID_H14_24_8_hem-8,32.8332
UID_H14_24_9_hem-7,29.5751
UID_H14_25_1_hem-2,31.1547
UID_H14_25_2_hem-8,26.2092
UID_H14_25_3_hem-3,26.0213
UID_H14_25_4_hem-10,25.3828
UID_H14_25_5_hem-8,27.3556
UID_H14_25_6_hem-2,34.3555
UID_H14_25_7_hem-5,29.2217
UID_H14_26_1_hem-6,23.4815
UID_H14_26_2_hem-2,24.5196
UID_H14_26_3_hem,53.5066
UID_H14_26_4_hem-4,23.9725
UID_H14_26_5_hem,145.582
UID_H14_26_6_hem-2,60.7812
UID_H14_27_10_hem-9,149.193
UID_H14_27_11_hem-23,35.975
UID_H14_27_1_hem-9,26.447
UID_H14_27_2_hem-5,29.9849
UID_H14_27_3_hem-6,26.6002
UID_H14_27_4_hem-6,26.1855
UID_H14_27_5_hem-3,33.4366
UID_H14_27_6_hem-2,29.6185
UID_H14_27_7_hem-4,31.2366
UID_H14_27_8_hem-4,30.3789
UID_H14_27_9_hem-8,29.9308
UID_H14_28_10_hem-15,145.526
UID_H14_28_11_hem-11,29.2929
UID_H14_28_12_hem-10,25.0371
UID_H14_28_13_hem-11,22.4424
UID_H14_28_1_hem-4,28.3332
UID_H14_28_2_hem-7,24.0479
UID_H14_28_3_hem-13,24.2173
UID_H14_28_4_hem-2,34.9848
UID_H14_28_5_hem-8,26.9025
UID_H14_28_6_hem-6,34.0297
UID_H14_28_7_hem-2,42.3696
UID_H14_28_8_hem-8,25.0837
UID_H14_28_9_hem-12,34.3587
UID_H14_29_10_hem,81.4622
UID_H14_29_11_hem-4,27.7817
UID_H14_29_12_hem-3,30.0069
UID_H14_29_13_hem-10,23.9905
UID_H14_29_14_hem-10,25.8133
UID_H14_29_15_hem-3,30.6639
UID_H14_29_1_hem-12,30.3256
UID_H14_29_2_hem-17,43.0286
UID_H14_29_3_hem-9,18.6048
UID_H14_29_4_hem-18,25.8505
UID_H14_29_5_hem-2,30.272
UID_H14_29_6_hem-5,29.949
UID_H14_29_7_hem-12,25.8589
UID_H14_29_8_hem-5,32.392
UID_H14_29_9_hem-2,30.4738
UID_H14_2_10_hem-10,26.5891
UID_H14_2_1_hem-10,34.231
UID_H14_2_2_hem-22,183.708
UID_H14_2_3_hem-6,29.1142
UID_H14_2_4_hem-3,107.91
UID_H14_2_5_hem-2,56.4426
UID_H14_2_6_hem-13,40.2549
UID_H14_2_7_hem-3,30.6287
UID_H14_2_8_hem-3,38.3666
UID_H14_2_9_hem-6,23.7727
UID_H14_30_1_hem-2,33.9024
UID_H14_30_2_hem-30,35.3915
UID_H14_30_3_hem-13,20.6475
UID_H14_30_4_hem-5,30.8509
UID_H14_30_5_hem-13,29.2893
UID_H14_30_6_hem-4,28.6235
UID_H14_30_7_hem-3,27.5719
UID_H14_31_1_hem-5,44.7157
UID_H14_31_2_hem-4,89.1791
UID_H14_31_3_hem-15,518.867
UID_H14_32_1_hem-9,23.5853
UID_H14_32_2_hem-4,29.8808
UID_H14_32_3_hem-5,24.7322
UID_H14_32_4_hem-2,25.6654
UID_H14_32_5_hem-3,23.9725
UID_H14_32_6_hem,83.1128
UID_H14_32_7_hem-2,28.6546
UID_H14_32_8_hem-3,26.2416
UID_H14_33_1_hem-17,28.9447
UID_H14_33_2_hem-10,32.0188
UID_H14_33_3_hem-9,27.2639
UID_H14_33_4_hem-6,45.0563
UID_H14_33_5_hem-2,45.9049
UID_H14_33_6_hem-5,45.0848
UID_H14_33_7_hem-6,23.0355
UID_H14_33_8_hem-9,24.287
UID_H14_34_1_hem-5,28.4959
UID_H14_34_2_hem-11,24.0292
UID_H14_34_3_hem-13,33.0906
UID_H14_34_4_hem-4,29.0557
UID_H14_34_5_hem-7,83.6803
UID_H14_34_6_hem-13,23.5551
UID_H14_35_10_hem-6,32.7405
UID_H14_35_11_hem-5,26.5525
UID_H14_35_12_hem-10,27.9262
UID_H14_35_13_hem-4,24.8549
UID_H14_35_1_hem-2,32.0764
UID_H14_35_2_hem-5,31.5177
UID_H14_35_3_hem-3,41.9942
UID_H14_35_4_hem-3,27.2788
UID_H14_35_5_hem-8,47.6447
UID_H14_35_6_hem-9,29.5216
UID_H14_35_7_hem-10,29.8395
UID_H14_35_8_hem-3,54.3177
UID_H14_35_9_hem-20,151.729
UID_H14_36_10_hem-7,23.1074
UID_H14_36_1_hem-2,83.2751
UID_H14_36_2_hem-7,55.662
UID_H14_36_3_hem-7,34.4411
UID_H14_36_4_hem-3,95.6267
UID_H14_36_5_hem-13,30.6314
UID_H14_36_6_hem-9,25.8597
UID_H14_36_7_hem-7,36.5262
UID_H14_36_8_hem-4,30.6986
UID_H14_36_9_hem-5,28.5736
UID_H14_3_1_hem-2,28.8274
UID_H14_3_2_hem-4,31.7572
UID_H14_3_3_hem-12,24.7901
UID_H14_3_4_hem-4,21.9716
UID_H14_3_5_hem-20,39.8905
UID_H14_3_6_hem-7,27.518
UID_H14_4_10_hem-7,74.3774
UID_H14_4_11_hem-5,22.1387
UID_H14_4_12_hem-21,175.904
UID_H14_4_13_hem-15,83.3094
UID_H14_4_14_hem-9,36.3203
UID_H14_4_15_hem-8,22.9859
UID_H14_4_16_hem-7,27.0949
UID_H14_4_17_hem-8,25.5168
UID_H14_4_1_hem-6,27.5681
UID_H14_4_2_hem-6,27.5394
UID_H14_4_3_hem-5,29.494
UID_H14_4_4_hem-15,23.0681
UID_H14_4_5_hem-2,34.0907
UID_H14_4_6_hem-14,28.4288
UID_H14_4_7_hem-8,45.3873
UID_H14_4_8_hem-4,23.3603
UID_H14_4_9_hem-5,23.655
UID_H14_5_1_hem-2,115.559
UID_H14_5_2_hem,129.008
UID_H14_5_3_hem-9,29.6585
UID_H14_5_4_hem-10,25.0238
UID_H14_5_5_hem-10,35.5081
UID_H14_6_10_hem-5,34.6124
UID_H14_6_11_hem-11,50.1851
UID_H14_6_12_hem-4,25.9258
UID_H14_6_1_hem-2,25.0032
UID_H14_6_2_hem-7,37.9336
UID_H14_6_3_hem-6,26.672
UID_H14_6_4_hem-22,30.3895
UID_H14_6_5_hem-3,29.4841
UID_H14_6_6_hem-8,35.3371
UID_H14_6_7_hem-8,26.4386
UID_H14_6_8_hem-19,31.1526
UID_H14_6_9_hem-9,28.4611
UID_H14_7_10_hem-9,52.4835
UID_H14_7_1_hem-2,24.2146
UID_H14_7_2_hem-9,28.5436
UID_H14_7_3_hem-16,67.7063
UID_H14_7_4_hem-8,34.5944
UID_H14_7_5_hem-7,24.107
UID_H14_7_6_hem-15,29.5964
UID_H14_7_7_hem-8,30.752
UID_H14_7_8_hem-16,42.5486
UID_H14_7_9_hem-7,27.3079
UID_H14_8_10_hem-6,23.3881
UID_H14_8_11_hem-13,40.4714
UID_H14_8_12_hem-4,32.3143
UID_H14_8_13_hem-2,27.0649
UID_H14_8_14_hem-5,27.296
UID_H14_8_15_hem-7,26.5471
UID_H14_8_16_hem-12,31.1419
UID_H14_8_17_hem-8,28.2871
UID_H14_8_1_hem-3,30.9153
UID_H14_8_2_hem-10,26.8331
UID_H14_8_3_hem-5,29.0346
UID_H14_8_4_hem-2,34.1809
UID_H14_8_5_hem-2,31.4831
UID_H14_8_6_hem-2,26.4018
UID_H14_8_7_hem-4,31.2953
UID_H14_8_8_hem-17,31.27
UID_H14_8_9_hem-7,29.4589
UID_H14_9_10_hem-7,28.8861
UID_H14_9_11_hem-10,29.5441
UID_H14_9_12_hem-16,30.5483
UID_H14_9_13_hem-9,26.0595
UID_H14_9_14_hem-11,34.3871
UID_H14_9_15_hem-9,29.6403
UID_H14_9_1_hem-3,28.6496
UID_H14_9_2_hem-5,31.6218
UID_H14_9_3_hem-5,30.247
UID_H14_9_4_hem-7,23.0562
UID_H14_9_5_hem-12,34.4514
UID_H14_9_6_hem-3,31.4618
UID_H14_9_7_hem-2,33.6699
UID_H14_9_8_hem-5,27.9217
UID_H14_9_9_hem-2,43.1995
UID_H22_10_1_hem-8,32.0416
UID_H22_10_2_hem-12,118.004
UID_H22_10_3_hem-14,174.017
UID_H22_10_4_hem-14,31.1896
UID_H22_10_5_hem-8,28.9299
UID_H22_10_6_hem-10,25.4119
UID_H22_10_7_hem-5,31.9
UID_H22_10_8_hem-20,31.0137
UID_H22_11_10_hem-2,29.5286
UID_H22_11_11_hem-9,21.3631
UID_H22_11_1_hem-8,24.7435
UID_H22_11_2_hem-5,28.5742
UID_H22_11_3_hem-10,119.163
UID_H22_11_4_hem-6,27.8391
UID_H22_11_5_hem-15,1019.89
UID_H22_11_6_hem-6,25.7629
UID_H22_11_7_hem-10,202.809
UID_H22_11_8_hem-7,22.343
UID_H22_11_9_hem-12,161.96
UID_H22_12_10_hem-3,80.2568
UID_H22_12_11_hem-3,25.2567
UID_H22_12_1_hem-7,102.972
UID_H22_12_2_hem-2,52.2075
UID_H22_12_3_hem-5,40.6063
UID_H22_12_4_hem-7,36.4373
UID_H22_12_5_hem-11,243.147
UID_H22_12_6_hem-6,276.49
UID_H22_12_7_hem-23,22.3242
UID_H22_12_8_hem,59.7771
UID_H22_12_9_hem-11,41.6777
UID_H22_13_10_hem-10,22.3115
UID_H22_13_1_hem-4,28.8875
UID_H22_13_2_hem-2,25.7255
UID_H22_13_3_hem-3,29.3313
UID_H22_13_4_hem,50.2948
UID_H22_13_5_hem-3,150.522
UID_H22_13_6_hem-4,74.9622
UID_H22_13_7_hem-2,28.0066
UID_H22_13_8_hem-4,26.0104
UID_H22_13_9_hem-5,92.7916
UID_H22_14_1_hem-12,26.1483
UID_H22_14_2_hem-5,26.8812
UID_H22_14_3_hem-4,26.2887
UID_H22_14_4_hem-4,29.7235
UID_H22_14_5_hem-8,36.8612
UID_H22_14_6_hem-9,22.3638
UID_H22_14_7_hem-12,25.5776
UID_H22_14_8_hem-10,28.4606
UID_H22_15_1_hem-2,28.6005
UID_H22_15_2_hem-2,26.361
UID_H22_15_3_hem-8,30.1573
UID_H22_15_4_hem-7,214.429
UID_H22_15_5_hem-3,23.4408
UID_H22_15_6_hem-3,25.0043
UID_H22_15_7_hem-6,26.3498
UID_H22_15_8_hem-2,84.4821
UID_H22_16_1_hem-12,23.9146
UID_H22_16_2_hem-3,31.4341
UID_H22_16_3_hem-2,26.9459
UID_H22_16_4_hem-15,33.6406
UID_H22_16_5_hem-5,21.7659
UID_H22_16_6_hem-2,30.1697
UID_H22_16_7_hem-7,34.3457
UID_H22_16_8_hem-15,27.239
UID_H22_17_10_hem-6,40.4364
UID_H22_17_11_hem-2,30.0353
UID_H22_17_12_hem-10,25.5424
UID_H22_17_13_hem-13,116.921
UID_H22_17_1_hem-4,38.3377
UID_H22_17_2_hem-4,26.5906
UID_H22_17_3_hem-13,28.0391
UID_H22_17_4_hem-2,23.4471
UID_H22_17_5_hem-5,33.2473
UID_H22_17_6_hem-15,80.0808
UID_H22_17_7_hem-2,30.8646
UID_H22_17_8_hem-2,25.5021
UID_H22_17_9_hem-4,26.8124
UID_H22_18_1_hem-4,28.5587
UID_H22_18_2_hem-4,25.154
UID_H22_18_3_hem,67.2572
UID_H22_18_4_hem,138.285
UID_H22_18_5_hem,238.341
UID_H22_18_6_hem-5,20.0202
UID_H22_18_7_hem-10,22.7611
UID_H22_18_8_hem-2,30.9783
UID_H22_18_9_hem-13,26.2594
UID_H22_19_1_hem-7,29.3449
UID_H22_19_2_hem-5,25.355
UID_H22_19_3_hem-9,280.531
UID_H22_19_4_hem-4,26.5874
UID_H22_19_5_hem-2,31.5376
UID_H22_19_6_hem-2,23.254
UID_H22_19_7_hem-17,35.1834
UID_H22_19_8_hem-13,45.73
UID_H22_1_1_hem-2,28.7299
UID_H22_1_2_hem-9,24.2871
UID_H22_1_3_hem-6,29.0576
UID_H22_1_4_hem,118.994
UID_H22_1_5_hem-8,27.5553
UID_H22_1_6_hem-4,24.9246
UID_H22_1_7_hem-23,22.8687
UID_H22_1_8_hem-8,35.6343
UID_H22_1_9_hem-2,28.9202
UID_H22_20_10_hem-7,18.1326
UID_H22_20_11_hem-6,27.2789
UID_H22_20_1_hem-19,50.9
UID_H22_20_2_hem-4,28.2096
UID_H22_20_3_hem-8,64.3182
UID_H22_20_4_hem-3,80.6797
UID_H22_20_5_hem-6,37.4446
UID_H22_20_6_hem-8,25.4952
UID_H22_20_7_hem-4,24.2042
UID_H22_20_8_hem-15,25.6127
UID_H22_20_9_hem-9,22.7181
UID_H22_21_10_hem-9,32.925
UID_H22_21_11_hem-9,40.6957
UID_H22_21_12_hem-3,34.2441
UID_H22_21_13_hem-3,25.8883
UID_H22_21_14_hem-13,24.9738
UID_H22_21_15_hem-8,36.5728
UID_H22_21_16_hem-10,95.9993
UID_H22_21_1_hem-17,347.616
UID_H22_21_2_hem-3,31.548
UID_H22_21_3_hem,72.2739
UID_H22_21_4_hem-4,39.2693
UID_H22_21_5_hem-14,46.8537
UID_H22_21_6_hem-12,33.1241
UID_H22_21_7_hem-2,33.3709
UID_H22_21_8_hem-3,31.3946
UID_H22_21_9_hem-2,31.8324
UID_H22_22_1_hem-6,23.5524
UID_H22_22_2_hem-4,27.8688
UID_H22_22_3_hem-9,23.3864
UID_H22_22_4_hem-16,39.5157
UID_H22_22_5_hem-5,25.9672
UID_H22_22_6_hem-15,27.6932
UID_H22_22_7_hem-7,24.3862
UID_H22_22_8_hem-10,27.4148
UID_H22_22_9_hem-11,30.4002
UID_H22_23_10_hem-21,23.5012
UID_H22_23_11_hem-3,33.324
UID_H22_23_12_hem-5,27.3851
UID_H22_23_13_hem-16,36.2905
UID_H22_23_14_hem-10,31.4808
UID_H22_23_15_hem-20,28.4904
UID_H22_23_16_hem-13,20.9167
UID_H22_23_17_hem-7,23.4598
UID_H22_23_18_hem-9,28.1963
UID_H22_23_1_hem-2,24.2793
UID_H22_23_2_hem-3,26.2287
UID_H22_23_3_hem-10,38.1857
UID_H22_23_4_hem-3,172.331
UID_H22_23_5_hem-8,306.944
UID_H22_23_6_hem-6,152.357
UID_H22_23_7_hem-21,31.4296
UID_H22_23_8_hem-4,24.9765
UID_H22_23_9_hem-8,27.7053
UID_H22_24_1_hem-2,32.2855
UID_H22_24_2_hem-13,34.3158
UID_H22_24_3_hem-4,39.0883
UID_H22_25_1_hem-3,28.2421
UID_H22_25_2_hem-15,22.2721
UID_H22_25_3_hem-2,29.2842
UID_H22_25_4_hem-3,25.9539
UID_H22_25_5_hem-9,21.0934
UID_H22_25_6_hem-11,23.3613
UID_H22_25_7_hem-6,26.8698
UID_H22_26_1_hem-3,30.9079
UID_H22_26_2_hem-4,54.7189
UID_H22_26_3_hem-6,32.0281
UID_H22_26_4_hem-6,26.4072
UID_H22_26_5_hem-4,57.1788
UID_H22_26_6_hem-13,22.8786
UID_H22_26_7_hem-7,21.625
UID_H22_27_1_hem-3,48.6923
UID_H22_27_2_hem-7,62.879
UID_H22_27_3_hem-15,51.8303
UID_H22_27_4_hem-2,25.689
UID_H22_27_5_hem-3,24.1853
UID_H22_27_6_hem,70.4323
UID_H22_27_7_hem-4,34.8887
UID_H22_27_8_hem-2,33.3504
UID_H22_28_10_hem-8,37.3966
UID_H22_28_11_hem-8,23.3281
UID_H22_28_12_hem-15,26.9219
UID_H22_28_13_hem-9,32.4019
UID_H22_28_1_hem-5,30.3617
UID_H22_28_2_hem-5,29.0487
UID_H22_28_3_hem-8,38.0479
UID_H22_28_4_hem-2,29.0642
UID_H22_28_5_hem-6,42.5672
UID_H22_28_6_hem-11,64.5458
UID_H22_28_7_hem-3,28.5013
UID_H22_28_8_hem-3,26.0985
UID_H22_28_9_hem-2,24.1097
UID_H22_29_10_hem-11,29.0563
UID_H22_29_11_hem-7,26.3136
UID_H22_29_1_hem,73.5814
UID_H22_29_2_hem,56.3571
UID_H22_29_3_hem-2,23.5543
UID_H22_29_4_hem-6,28.1794
UID_H22_29_5_hem,300.721
UID_H22_29_6_hem-2,26.9393
UID_H22_29_7_hem-6,23.5726
UID_H22_29_8_hem-4,28.9653
UID_H22_29_9_hem-6,27.0612
UID_H22_2_1_hem-10,160.343
UID_H22_2_2_hem-6,95.1886
UID_H22_2_3_hem-11,31.3841
UID_H22_2_4_hem-3,24.7264
UID_H22_2_5_hem-5,107.659
UID_H22_2_6_hem-8,27.8605
UID_H22_2_7_hem-9,34.9642
UID_H22_2_8_hem-17,56.3238
UID_H22_2_9_hem-6,25.2635
UID_H22_30_1_hem-3,37.4788
UID_H22_30_2_hem-4,34.5384
UID_H22_30_3_hem-10,58.1593
UID_H22_30_4_hem-2,35.6211
UID_H22_30_5_hem-8,30.6422
UID_H22_31_10_hem-6,33.1714
UID_H22_31_11_hem-7,25.918
UID_H22_31_12_hem-6,25.0692
UID_H22_31_13_hem-5,24.2383
UID_H22_31_14_hem-15,22.4463
UID_H22_31_15_hem-13,23.719
UID_H22_31_1_hem-3,34.1547
UID_H22_31_2_hem-2,48.9237
UID_H22_31_3_hem-5,60.4357
UID_H22_31_4_hem-5,70.8905
UID_H22_31_5_hem-7,29.6529
UID_H22_31_6_hem-14,42.6028
UID_H22_31_7_hem-5,56.6728
UID_H22_31_8_hem-3,118.922
UID_H22_31_9_hem-3,27.4732
UID_H22_32_10_hem-15,28.9244
UID_H22_32_1_hem-3,21.6796
UID_H22_32_2_hem-2,31.8584
UID_H22_32_3_hem-4,30.133
UID_H22_32_4_hem-3,27.2385
UID_H22_32_5_hem-12,29.7522
UID_H22_32_6_hem-7,26.0567
UID_H22_32_7_hem-2,27.5268
UID_H22_32_8_hem-7,27.1179
UID_H22_32_9_hem-8,29.549
UID_H22_33_10_hem-6,28.6878
UID_H22_33_1_hem-5,57.3309
UID_H22_33_2_hem-2,26.3682
UID_H22_33_3_hem-4,29.2934
UID_H22_33_4_hem-5,29.6256
UID_H22_33_5_hem-2,27.6796
UID_H22_33_6_hem-10,32.8238
UID_H22_33_7_hem-8,29.4349
UID_H22_33_8_hem-8,30.5029
UID_H22_33_9_hem-5,24.4358
UID_H22_34_1_hem-21,27.1404
UID_H22_34_2_hem-9,34.8469
UID_H22_34_3_hem-7,26.4784
UID_H22_34_4_hem-5,37.181
UID_H22_34_5_hem-32,36.0886
UID_H22_34_6_hem-5,30.5957
UID_H22_34_7_hem-3,31.792
UID_H22_34_8_hem-12,268.288
UID_H22_35_10_hem-5,79.2139
UID_H22_35_11_hem-2,33.9167
UID_H22_35_12_hem-16,27.4994
UID_H22_35_1_hem-5,84.6874
UID_H22_35_2_hem-9,27.5822
UID_H22_35_3_hem,78.1117
UID_H22_35_4_hem-9,526.827
UID_H22_35_5_hem-2,28.8576
UID_H22_35_6_hem-6,32.2557
UID_H22_35_7_hem-3,24.9233
UID_H22_35_8_hem-3,31.0171
UID_H22_35_9_hem-6,38.0771
UID_H22_36_1_hem-8,29.6517
UID_H22_36_2_hem-2,26.946
UID_H22_36_3_hem-2,28.402
UID_H22_36_4_hem-3,29.0734
UID_H22_36_5_hem-5,31.7298
UID_H22_36_6_hem-4,20.8383
UID_H22_36_7_hem-3,28.9693
UID_H22_36_8_hem-2,68.7314
UID_H22_3_10_hem-8,31.1416
UID_H22_3_11_hem-2,23.4256
UID_H22_3_12_hem-7,24.8365
UID_H22_3_13_hem-9,21.898
UID_H22_3_14_hem,58.9103
UID_H22_3_15_hem-5,81.1442
UID_H22_3_1_hem-3,26.6774
UID_H22_3_2_hem-2,44.2291
UID_H22_3_3_hem,11490.3
UID_H22_3_4_hem-4,21.9038
UID_H22_3_5_hem-4,29.6253
UID_H22_3_6_hem-4,25.0206
UID_H22_3_7_hem-19,30.3079
UID_H22_3_8_hem-3,24.6784
UID_H22_3_9_hem-5,26.263
UID_H22_4_10_hem-3,152.292
UID_H22_4_11_hem-7,42.3999
UID_H22_4_12_hem-2,29.3932
UID_H22_4_1_hem-5,51.8509
UID_H22_4_2_hem-6,24.8068
UID_H22_4_3_hem-10,82.6799
UID_H22_4_4_hem-4,26.8819
UID_H22_4_5_hem-2,29.8699
UID_H22_4_6_hem-9,35.5864
UID_H22_4_7_hem-10,29.1508
UID_H22_4_8_hem-4,26.8464
UID_H22_4_9_hem-2,25.7617
UID_H22_5_10_hem-4,29.212
UID_H22_5_11_hem-3,30.65
UID_H22_5_12_hem-2,30.3879
UID_H22_5_13_hem-12,35.8321
UID_H22_5_14_hem-3,94.8414
UID_H22_5_15_hem-11,20.7636
UID_H22_5_16_hem-4,42.9051
UID_H22_5_17_hem-3,27.7785
UID_H22_5_18_hem-8,115.623
UID_H22_5_19_hem-7,22.4835
UID_H22_5_1_hem-3,24.9352
UID_H22_5_20_hem-4,25.4828
UID_H22_5_21_hem-17,29.9528
UID_H22_5_2_hem,48.7055
UID_H22_5_3_hem-4,30.4057
UID_H22_5_4_hem-2,27.0634
UID_H22_5_5_hem,63.5541
UID_H22_5_6_hem-2,24.7705
UID_H22_5_7_hem-2,74.1347
UID_H22_5_8_hem-2,32.4876
UID_H22_5_9_hem-10,25.7472
UID_H22_6_1_hem-4,23.3701
UID_H22_6_2_hem,53.6138
UID_H22_6_3_hem-3,25.7311
UID_H22_6_4_hem-6,83.5294
UID_H22_6_5_hem-12,24.6243
UID_H22_6_6_hem-2,33.4827
UID_H22_6_7_hem-3,24.0246
UID_H22_6_8_hem-8,27.6623
UID_H22_6_9_hem-5,24.5383
UID_H22_7_10_hem,42.1929
UID_H22_7_11_hem,63.7673
UID_H22_7_1_hem-18,25.8301
UID_H22_7_2_hem-4,36.0619
UID_H22_7_3_hem-4,26.9412
UID_H22_7_4_hem-5,24.7225
UID_H22_7_5_hem-2,30.8095
UID_H22_7_6_hem,61.016
UID_H22_7_7_hem-8,32.033
UID_H22_7_8_hem-2,26.0622
UID_H22_7_9_hem,52.067
UID_H22_8_1_hem-3,26.9045
UID_H22_8_2_hem-2,29.869
UID_H22_8_3_hem-8,80.8964
UID_H22_8_4_hem-5,25.6351
UID_H22_8_5_hem-2,24.1335
UID_H22_8_6_hem-4,56.2292
UID_H22_9_10_hem-4,87.8383
UID_H22_9_11_hem-18,28.2494
UID_H22_9_12_hem-3,30.5987
UID_H22_9_13_hem-7,29.0698
UID_H22_9_14_hem-17,25.6326
UID_H22_9_15_hem-10,24.2748
UID_H22_9_16_hem-14,25.2735
UID_H22_9_1_hem-8,33.2185
UID_H22_9_2_hem-3,25.5145
UID_H22_9_3_hem-2,31.6651
UID_H22_9_4_hem-19,8.84291
UID_H22_9_5_hem-2,40.7748
UID_H22_9_6_hem-8,18.483
UID_H22_9_7_hem,51.2802
UID_H22_9_8_hem-3,33.1289
UID_H22_9_9_hem-5,99.5339
